0.0005d0   565479.003257564d0
0.000516250827251552d0   530721.87437027d0
0.0005330298332758236d0   498106.18233401d0
0.0005503541847568015d0   467499.738422549d0
0.0005682416063241046d0   438778.531792489d0
0.0005867103986871396d0   411826.243963675d0
0.0006057794573586473d0   386533.663542225d0
0.000625468291986796d0   362798.450683115d0
0.0006457970463155974d0   340524.498060177d0
0.000666786518794072d0   319621.661943254d0
0.0006884581838552445d0   300005.380935818d0
0.0007108342138867422d0   281596.27416969d0
0.0007339375019154746d0   264319.917849082d0
0.0007577916850296027d0   248106.460694244d0
0.0007824211685617599d0   232890.36017633d0
0.000807851151058269d0   218610.128821517d0
0.0008341076500598998d0   205208.07101743d0
0.0008612175287205427d0   192630.073807087d0
0.0008892085232910348d0   180825.327874695d0
0.0009181092714962553d0   169746.209229752d0
0.0009479493418345232d0   159347.975145803d0
0.0009787592638292738d0   149588.699603252d0
0.0010105705592639653d0   140429.013766194d0
0.0010434157744321712d0   131831.985680295d0
0.0010773285134358546d0   123762.970999569d0
0.0011123434725658892d0   116189.439858149d0
0.001148496475800009d0   109080.897639716d0
0.0011858245114544934d0   102408.711355515d0
0.0012243657700270996d0   96146.0341225141d0
0.001264159683269947d0   90267.6510021998d0
0.0013052469645323404d0   84749.913433645d0
0.001347669650414796d0   79570.6350079429d0
0.0013914711437768964d0   74708.9834907494d0
0.0014366962581429724d0   70145.4505218138d0
0.0014833912635510377d0   65861.6717263943d0
0.0015316039338918962d0   61840.4553060222d0
0.0015813835957868456d0   58065.6600560131d0
0.001632781179053986d0   54522.134889535d0
0.0016858492688147696d0   51195.6671897838d0
0.001740642159294098d0   48072.9180341664d0
0.0017972159093690117d0   45141.3707621994d0
0.0018556283999228052d0   42389.2775928994d0
0.0019159393930632438d0   39805.6179968172d0
0.0019782105932654725d0   37380.0463072198d0
0.0020425057105021675d0   35102.859873977d0
0.0021088905254255256d0   32964.948921746d0
0.002177432956667776d0   30957.7618626566d0
0.0022482031303290638d0   29073.2805680452d0
0.0023212734517238163d0   27303.9706874053d0
0.0023967186794589712d0   25642.7729703132d0
0.0024746160019198825d0   24083.0550191852d0
0.002555045116242136d0   22618.5945027045d0
0.0026380883098500807d0   21243.5515299161d0
0.002723830544645506d0   19952.4446749808d0
0.002812359543932576d0   18740.131534107d0
0.0029037658821679797d0   17601.7836541641d0
0.002998143077628105d0   16532.8710979992d0
0.003095587688088045d0   15529.1409087174d0
0.003196199409610346d0   14586.6023747927d0
0.0033000811785445267d0   13701.5103509607d0
0.0034073392768417775d0   12870.3476542455d0
0.0035180834407925452d0   12089.8160788715d0
0.0036324269732982764d0   11356.8158351446d0
0.0037504868597921723d0   10668.4450722632d0
0.0038723838879275697d0   10021.970828846d0
0.003998242771156378d0   9414.83274657148d0
0.004128192276324037d0   8844.62729628795d0
0.004262365355411504d0   8309.09772498642d0
0.0044008992815590875d0   7806.12737820986d0
0.004543935789511278d0   7333.72623940952d0
0.004691621220626263d0   6890.02880698154d0
0.00484410667259849d0   6473.28297260019d0
0.005001548154047467d0   6081.84426508876d0
0.005164106744130956d0   5714.1688760237d0
0.0053319487573458505d0   5368.80759747055d0
0.00550524591368536d0   5044.40006423905d0
0.005684175514326585d0   4739.68138352657d0
0.005868920623028233d0   4453.41542321234d0
0.006059670253424039d0   4184.51376046696d0
0.006256619562403565d0   3931.90808434171d0
0.006459970049778167d0   3694.60452212028d0
0.006669929764436459d0   3471.67235866512d0
0.00688671351720014d0   3262.2380006413d0
0.007110543100598033d0   3065.47980567917d0
0.007341647515783102d0   2880.62713056462d0
0.007580263206824657d0   2706.9560239434d0
0.007826634302615465d0   2543.78698010636d0
0.008081012866641216d0   2390.48202821172d0
0.008343659154867927d0   2246.4420622576d0
0.008614841882011106d0   2111.10450389893d0
0.008894838496459098d0   1983.94122448839d0
0.009183935464131923d0   1864.45671109697d0
0.009482428561565944d0   1752.183723276d0
0.009790623178524326d0   1646.6863944376d0
0.010108834630442804d0   1547.55351395233d0
0.01043738848103047d0   1454.40650548786d0
0.010776620875355601d0   1366.86198859039d0
0.011126878883757345d0   1284.60099428332d0
0.011488520856935112d0   1207.29743972542d0
0.011861916792578921d0   1134.65021598479d0
0.01224744871391589d0   1066.3785906076d0
0.012645511060560072d0   1002.21783563785d0
0.013056511092065577d0   941.919187624011d0
0.013480869304595841d0   885.249503145457d0
0.01391901986113531d0   831.989061184763d0
0.014371411035683774d0   781.93240976323d0
0.014838505671887665d0   734.886230400638d0
0.01532078165657771d0   690.668059385366d0
0.015818732408697293d0   649.108037998641d0
0.01633286738412183d0   610.045603028835d0
0.01686371259688557d0   573.330165067616d0
0.01741181115734919d0   538.82026357813d0
0.017977723827858647d0   506.383017694562d0
0.018562029596463917d0   475.893590325046d0
0.019165326269284577d0   447.234701761376d0
0.01978823108212813d0   420.296241628364d0
0.020431381331987047d0   394.974484581315d0
0.02109543502906046d0   371.172409516592d0
0.021781071569967666d0   348.798538443895d0
0.02248899243284213d0   327.767072666351d0
0.02321992189501729d0   307.997237814552d0
0.023974607774038204d0   289.413345944395d0
0.024753822192757426d0   271.94414935562d0
0.0255583623692977d0   255.522722117845d0
0.026389051432689752d0   240.086184454101d0
0.02724673926501967d0   225.575439405557d0
0.0281323033709475d0   211.934960408005d0
0.029046649775486558d0   199.112573414379d0
0.02999071395096208d0   187.059244415449d0
0.03096546177409766d0   175.728854815487d0
0.03197189051420848d0   165.078161826989d0
0.033011029853512334d0   155.066339749311d0
0.034083942940602865d0   145.65516155382d0
0.035191727478161836d0   136.808734979648d0
0.03633551684602447d0   128.493224011097d0
0.03751648126074566d0   120.676855413862d0
0.038735828972854575d0   113.329772476416d0
0.039994807503021645d0   106.423892922353d0
0.04129470491840296d0   99.932851697185d0
0.042636851150468544d0   93.8318400288111d0
0.04402261935566136d0   88.0975407590535d0
0.04545342732028072d0   82.7080209479453d0
0.04693073891102642d0   77.6427031231755d0
0.048456065572688015d0   72.8821932163701d0
0.05003096787451125d0   68.4082883237695d0
0.0516570571068245d0   64.2038625612954d0
0.05333599692955765d0   60.2528178035612d0
0.05506950507434073d0   56.5400247341267d0
0.05685935510192392d0   53.0512528448307d0
0.05870737821671594d0   49.7731162348823d0
0.060615465140298704d0   46.6930361087844d0
0.06258556804583364d0   43.7991838574976d0
0.06461970255533982d0   41.080435544505d0
0.06671994980188686d0   38.5263310888131d0
0.0688884585588122d0   36.1270349904499d0
0.07112744743814216d0   33.8732990829735d0
0.07343920716046433d0   31.7564213554678d0
0.07582610289857558d0   29.7682269937463d0
0.07829057669730194d0   27.9010219952427d0
0.0808351499719664d0   26.1475722492657d0
0.08346242608806186d0   24.5010754934943d0
0.0861750930247669d0   22.9551330569644d0
0.08897592612503079d0   21.5037248319417d0
0.09186779093504013d0   20.1411942349054d0
0.09485364613597425d0   18.8622194284848d0
0.09793654657104535d0   17.6617917561496d0
0.10111964637092459d0   16.535207015186d0
0.10440620218074848d0   15.4780252919631d0
0.10779957649200836d0   14.4860930624032d0
0.11130324108273261d0   13.5554885802538d0
0.11492078056947928d0   12.6825257120714d0
0.11865589607477556d0   11.8637400126495d0
0.1225124090137541d0   11.09587066316d0
0.12649426500386204d0   10.3758517701326d0
0.13060553790164173d0   9.70079901796457d0
0.13485043397071295d0   9.06799400401509d0
0.13923329618522273d0   8.47489178905639d0
0.14375860867316315d0   7.91908921046817d0
0.1484310013041053d0   7.39832840532909d0
0.1532552544260411d0   6.91048528996301d0
0.15823630375618156d0   6.45356009703725d0
0.16337924543071325d0   6.02568259502012d0
0.16868934121868007d0   5.62507599409205d0
0.1741720239053259d0   5.25008160531311d0
0.17983290285040313d0   4.89913546681642d0
0.18567776972713723d0   4.57076698230975d0
0.1917126044477156d0   4.26359347992168d0
0.19794358128136544d0   3.97631376176294d0
0.20437707517127945d0   3.70770459841062d0
0.21101966825685117d0   3.45661543011809d0
0.21787815660789508d0   3.22196409654863d0
0.224959557177738d0   3.00273309110622d0
0.23227111498230024d0   2.79796582905792d0
0.23982031051250566d0   2.60676224707208d0
0.24761486738761013d0   2.42827638363406d0
0.25566276025727436d0   2.26171296732667d0
0.2639722229604662d0   2.10632447366021d0
0.27255175694954364d0   1.96140673533066d0
0.2814101399881316d0   1.82630007010635d0
0.29055643513169616d0   1.70038266530563d0
0.3d0   1.5830716764364d0
0.3035d0   1.54254762722344d0
0.307d0   1.50350486559341d0
0.3105d0   1.46587512272624d0
0.314d0   1.42959375659732d0
0.3175d0   1.39459995492202d0
0.321d0   1.36083608942409d0
0.3245d0   1.32824771526754d0
0.328d0   1.29678329175971d0
0.3315d0   1.26639402087628d0
0.335d0   1.23703368695027d0
0.3385d0   1.20865847190914d0
0.342d0   1.18122682507536d0
0.3455d0   1.15469930360071d0
0.349d0   1.12903847684376d0
0.3525d0   1.10420876509107d0
0.356d0   1.08017650055936d0
0.3595d0   1.05690943165071d0
0.363d0   1.03437703985202d0
0.3665d0   1.01255026190847d0
0.37d0   0.991401410917786d0
0.3735d0   0.970904107085929d0
0.377d0   0.951033232944615d0
0.3805d0   0.931764853817989d0
0.384d0   0.913076088856381d0
0.3875d0   0.894945163564408d0
0.391d0   0.877351269856507d0
0.3945d0   0.860274547674788d0
0.398d0   0.843696022842202d0
0.4015d0   0.827597665761851d0
0.405d0   0.811961821822444d0
0.4085d0   0.796772234803208d0
0.412d0   0.782012951293874d0
0.4155d0   0.767668784809225d0
0.419d0   0.75372519272536d0
0.4225d0   0.740168290454508d0
0.426d0   0.726984737202858d0
0.4295d0   0.714161762669003d0
0.433d0   0.701687114933225d0
0.4365d0   0.689549060265047d0
0.44d0   0.677736334619985d0
0.4435d0   0.66623817126209d0
0.447d0   0.655044083326771d0
0.4505d0   0.64414421516738d0
0.454d0   0.633529000882843d0
0.4575d0   0.623189206038679d0
0.461d0   0.613116068766421d0
0.4645d0   0.603301038250173d0
0.468d0   0.59373597214176d0
0.4715d0   0.584413030553398d0
0.475d0   0.575324664669818d0
0.4785d0   0.566463609468226d0
0.482d0   0.557822872224941d0
0.4855d0   0.549395736798658d0
0.489d0   0.541175704290772d0
0.4925d0   0.533156534468963d0
0.496d0   0.52533221922029d0
0.4995d0   0.517697030170748d0
0.503d0   0.510245231771586d0
0.5065d0   0.502971515006031d0
0.51d0   0.495870686043541d0
0.5135d0   0.488937668829387d0
0.517d0   0.482167734840542d0
0.5205d0   0.475556188303934d0
0.524d0   0.469098506396896d0
0.5275d0   0.462790344169832d0
0.531d0   0.45662749546867d0
0.5345d0   0.450605924039652d0
0.538d0   0.444721694393617d0
0.5415d0   0.43897104319751d0
0.545d0   0.433350259385669d0
0.5485d0   0.427855845728335d0
0.552d0   0.422484391020892d0
0.5555d0   0.417232599722981d0
0.559d0   0.412097229775751d0
0.5625d0   0.407075209422174d0
0.566d0   0.402163544806578d0
0.5695d0   0.39735933754251d0
0.573d0   0.392659785079128d0
0.5765d0   0.388062174924094d0
0.58d0   0.383563874950795d0
0.5835d0   0.379162338550785d0
0.587d0   0.374855104156957d0
0.5905d0   0.370639781120703d0
0.594d0   0.366514057244153d0
0.5975d0   0.362475695932013d0
0.601d0   0.358522507313092d0
0.6045d0   0.354652397931852d0
0.608d0   0.350863321112003d0
0.6115d0   0.347153302368646d0
0.615d0   0.343520403453942d0
0.6185d0   0.339962765921195d0
0.622d0   0.336478593199995d0
0.6255d0   0.333066127104483d0
0.629d0   0.32972365845848d0
0.6325d0   0.326449537508123d0
0.636d0   0.323242313154358d0
0.6395d0   0.32009997352077d0
0.643d0   0.317021469879099d0
0.6465d0   0.314005145093868d0
0.65d0   0.311049611609132d0
0.6535d0   0.308153471962721d0
0.657d0   0.305315387190271d0
0.6605d0   0.302534043727503d0
0.664d0   0.299808156933178d0
0.6675d0   0.297136512434587d0
0.671d0   0.294517886804204d0
0.6745d0   0.291951134159282d0
0.678d0   0.289435107123123d0
0.6815d0   0.286968704573322d0
0.685d0   0.284550858093738d0
0.6885d0   0.282180513086347d0
0.692d0   0.279856658667377d0
0.6955d0   0.277578288330476d0
0.699d0   0.275344482673617d0
0.7025d0   0.273154274573819d0
0.706d0   0.271006765465125d0
0.7095d0   0.268901062450317d0
0.713d0   0.266836304227237d0
0.7165d0   0.264811649178528d0
0.72d0   0.262826284285305d0
0.7235d0   0.260879407649386d0
0.727d0   0.258970243979795d0
0.7305d0   0.25709803919014d0
0.734d0   0.255262071049623d0
0.7375d0   0.253461594856706d0
0.741d0   0.251695925579688d0
0.7445d0   0.249964381996968d0
0.748d0   0.248266300392095d0
0.7515d0   0.24660103590279d0
0.755d0   0.244967956614555d0
0.7585d0   0.243366449002169d0
0.762d0   0.241795914846365d0
0.7655d0   0.240255770607506d0
0.769d0   0.23874544436823d0
0.7725d0   0.237264302214778d0
0.776d0   0.235812043272252d0
0.7795d0   0.234387904588609d0
0.783d0   0.232991438910254d0
0.7865d0   0.231622151675693d0
0.79d0   0.23027955107296d0
0.7935d0   0.228963159024395d0
0.797d0   0.227672508614365d0
0.8005d0   0.226407143991866d0
0.804d0   0.225166620054267d0
0.8075d0   0.2239505101144d0
0.811d0   0.2227583733304d0
0.8145d0   0.221589814610287d0
0.818d0   0.220444415094231d0
0.8215d0   0.219321793665604d0
0.825d0   0.218221562228988d0
0.8285d0   0.217143341644975d0
0.832d0   0.216086765079382d0
0.8355d0   0.215051474910113d0
0.839d0   0.214037120412945d0
0.8425d0   0.213043360583231d0
0.846d0   0.212069860924484d0
0.8495d0   0.21111629448381d0
0.853d0   0.21018234230726d0
0.8565d0   0.209267693238063d0
0.86d0   0.208372044616685d0
0.8635d0   0.207495096528574d0
0.867d0   0.206636622997609d0
0.8705d0   0.205796140571507d0
0.874d0   0.204973572779544d0
0.8775d0   0.204168577953201d0
0.881d0   0.203380899374531d0
0.8845d0   0.202610268314363d0
0.888d0   0.201856436257568d0
0.8915d0   0.201119149763529d0
0.895d0   0.200398168247501d0
0.8985d0   0.199693255132726d0
0.902d0   0.199004177318082d0
0.9055d0   0.198330715058516d0
0.909d0   0.19767262333763d0
0.9125d0   0.197029710016299d0
0.916d0   0.196401754104956d0
0.9195d0   0.195788544405066d0
0.923d0   0.195189878865259d0
0.9265d0   0.19460556680109d0
0.93d0   0.194035393894722d0
0.9335d0   0.193479186910526d0
0.937d0   0.192978527336954d0
0.9405d0   0.192407910278239d0
0.944d0   0.191892479154989d0
0.9475d0   0.191390284043222d0
0.951d0   0.190901156489292d0
0.9545d0   0.190424923457476d0
0.958d0   0.189961427991744d0
0.9615d0   0.189510506948851d0
0.965d0   0.189072007767551d0
0.9685d0   0.188645755986849d0
0.972d0   0.18823161480741d0
0.9755d0   0.187829451953185d0
0.979d0   0.187439098639944d0
0.9825d0   0.18706042581303d0
0.986d0   0.18669328991749d0
0.9895d0   0.186337555805014d0
0.993d0   0.185993090284895d0
0.9965d0   0.185659576123099d0
1d0   0.18533745291938678308d0