0.0005d0   130832.038842035d0
0.000516250827251552d0   122734.603998927d0
0.0005330298332758236d0   115138.47352807d0
0.0005503541847568015d0   108012.598525785d0
0.0005682416063241046d0   101327.856401142d0
0.0005867103986871396d0   95056.9322475064d0
0.0006057794573586473d0   89174.2000324253d0
0.000625468291986796d0   83655.627881892d0
0.0006457970463155974d0   78478.6630175526d0
0.000666786518794072d0   73622.1540092828d0
0.0006884581838552445d0   69066.2592899921d0
0.0007108342138867422d0   64792.3661954783d0
0.0007339375019154746d0   60783.0148559399d0
0.0007577916850296027d0   57021.8244893107d0
0.0007824211685617599d0   53493.4319685526d0
0.000807851151058269d0   50183.4243479609d0
0.0008341076500598998d0   47078.2808241496d0
0.0008612175287205427d0   44165.3171609375d0
0.0008892085232910348d0   41432.6362198935d0
0.0009181092714962553d0   38869.0782814863d0
0.0009479493418345232d0   36464.195378325d0
0.0009787592638292738d0   34208.094726531d0
0.0010105705592639653d0   32091.6352383261d0
0.0010434157744321712d0   30106.1484591423d0
0.0010773285134358546d0   28243.532286984d0
0.0011123434725658892d0   26496.1750524941d0
0.001148496475800009d0   24856.9437716381d0
0.0011858245114544934d0   23319.1462514779d0
0.0012243657700270996d0   21876.5033312758d0
0.001264159683269947d0   20523.1261659282d0
0.0013052469645323404d0   19253.4877511423d0
0.001347669650414796d0   18062.4069298752d0
0.0013914711437768964d0   16945.0209181938d0
0.0014366962581429724d0   15896.7688137289d0
0.0014833912635510377d0   14913.3718523788d0
0.0015316039338918962d0   13990.8157604029d0
0.0015813835957868456d0   13125.3370236919d0
0.001632781179053986d0   12313.4008215424d0
0.0016858492688147696d0   11551.6950082146d0
0.001740642159294098d0   10837.1112349969d0
0.0017972159093690117d0   10166.7331802856d0
0.0018556283999228052d0   9537.82548941952d0
0.0019159393930632438d0   8947.82195084133d0
0.0019782105932654725d0   8394.31532796762d0
0.0020425057105021675d0   7875.04778376259d0
0.0021088905254255256d0   7387.89925811645d0
0.002177432956667776d0   6930.88401087261d0
0.0022482031303290638d0   6502.13668452329d0
0.0023212734517238163d0   6099.90949954549d0
0.0023967186794589712d0   5722.56009013831d0
0.0024746160019198825d0   5368.55058183096d0
0.002555045116242136d0   5036.43706062623d0
0.0026380883098500807d0   4724.86353368467d0
0.002723830544645506d0   4432.56140840179d0
0.002812359543932576d0   4158.33621004385d0
0.0029037658821679797d0   3901.07131965775d0
0.002998143077628105d0   3659.71729082741d0
0.003095587688088045d0   3433.2896626531d0
0.003196199409610346d0   3220.86533623495d0
0.0033000811785445267d0   3021.57806533616d0
0.0034073392768417775d0   2834.61539122091d0
0.0035180834407925452d0   2659.21495018891d0
0.0036324269732982764d0   2494.66156518072d0
0.0037504868597921723d0   2340.28444132236d0
0.0038723838879275697d0   2195.45419886324d0
0.003998242771156378d0   2059.58037069761d0
0.004128192276324037d0   1932.10918412717d0
0.004262365355411504d0   1812.52080159538d0
0.0044008992815590875d0   1700.32790368636d0
0.004543935789511278d0   1595.07310956012d0
0.004691621220626263d0   1496.32762036657d0
0.00484410667259849d0   1403.68816645615d0
0.005001548154047467d0   1316.77790368663d0
0.005164106744130956d0   1235.24239968094d0
0.0053319487573458505d0   1158.74927522293d0
0.00550524591368536d0   1086.98673991381d0
0.005684175514326585d0   1019.66232018421d0
0.005868920623028233d0   956.50158511419d0
0.006059670253424039d0   897.247119380251d0
0.006256619562403565d0   841.657398757694d0
0.006459970049778167d0   789.505890082195d0
0.006669929764436459d0   740.579941526997d0
0.00688671351720014d0   694.680239770127d0
0.007110543100598033d0   651.619620474319d0
0.007341647515783102d0   611.222583454623d0
0.007580263206824657d0   573.324453630366d0
0.007826634302615465d0   537.770773033704d0
0.008081012866641216d0   504.42021137239d0
0.008343659154867927d0   473.125925500833d0
0.008614841882011106d0   443.771227743795d0
0.008894838496459098d0   416.232817990553d0
0.009183935464131923d0   390.398401258589d0
0.009482428561565944d0   366.16265542945d0
0.009790623178524326d0   343.426747593731d0
0.010108834630442804d0   322.097965647957d0
0.01043738848103047d0   302.089310576624d0
0.010776620875355601d0   283.319185594742d0
0.011126878883757345d0   265.711024356007d0
0.011488520856935112d0   249.192994685936d0
0.011861916792578921d0   233.697704905421d0
0.01224744871391589d0   219.161930577405d0
0.012645511060560072d0   205.526356183857d0
0.013056511092065577d0   192.735319026035d0
0.013480869304595841d0   180.736610430812d0
0.01391901986113531d0   169.481253073308d0
0.014371411035683774d0   158.923277828118d0
0.014838505671887665d0   149.019573622087d0
0.01532078165657771d0   139.72968370118d0
0.015818732408697293d0   131.015653952127d0
0.01633286738412183d0   122.841883332069d0
0.01686371259688557d0   115.17495818625d0
0.01741181115734919d0   107.983537347909d0
0.017977723827858647d0   101.238202960667d0
0.018562029596463917d0   94.9113848184706d0
0.019165326269284577d0   88.9771872779942d0
0.01978823108212813d0   83.4113291913041d0
0.020431381331987047d0   78.1910247934027d0
0.02109543502906046d0   73.294898115782d0
0.021781071569967666d0   68.7028930322145d0
0.02248899243284213d0   64.3961961432419d0
0.02321992189501729d0   60.3571482554225d0
0.023974607774038204d0   56.5691878897951d0
0.024753822192757426d0   53.0167832278887d0
0.0255583623692977d0   49.6853588233082d0
0.026389051432689752d0   46.5611940945829d0
0.02724673926501967d0   43.6315040329163d0
0.0281323033709475d0   40.884233942681d0
0.029046649775486558d0   38.3080838186317d0
0.02999071395096208d0   35.8924647214052d0
0.03096546177409766d0   33.6274245871258d0
0.03197189051420848d0   31.5036351024643d0
0.033011029853512334d0   29.5123457533711d0
0.034083942940602865d0   27.645347152289d0
0.035191727478161836d0   25.8949351373764d0
0.03633551684602447d0   24.2538797913383d0
0.03751648126074566d0   22.715399829649d0
0.038735828972854575d0   21.2731370692809d0
0.039994807503021645d0   19.9211209227059d0
0.04129470491840296d0   18.6537526735437d0
0.042636851150468544d0   17.4657781866115d0
0.04402261935566136d0   16.3522690681406d0
0.04545342732028072d0   15.3086025665302d0
0.04693073891102642d0   14.3304443494981d0
0.048456065572688015d0   13.4137083536602d0
0.05003096787451125d0   12.5545943575397d0
0.0516570571068245d0   11.749515354678d0
0.05333599692955765d0   10.9951109936747d0
0.05506950507434073d0   10.2882280914589d0
0.05685935510192392d0   9.62590996311889d0
0.05870737821671594d0   9.00538088460935d0
0.060615465140298704d0   8.42403975707821d0
0.06258556804583364d0   7.87944413904384d0
0.06461970255533982d0   7.36930440172028d0
0.06671994980188686d0   6.89147116425992d0
0.0688884585588122d0   6.44392974640315d0
0.07112744743814216d0   6.02478884056822d0
0.07343920716046433d0   5.63227514239878d0
0.07582610289857558d0   5.26472476414316d0
0.07829057669730194d0   4.92057709364355d0
0.0808351499719664d0   4.59836847141061d0
0.08346242608806186d0   4.29672528781877d0
0.0861750930247669d0   4.0143596803439d0
0.08897592612503079d0   3.75006377608876d0
0.09186779093504013d0   3.50270429841173d0
0.09485364613597425d0   3.27121767273263d0
0.09793654657104535d0   3.05460934918854d0
0.10111964637092459d0   2.85194197366949d0
0.10440620218074848d0   2.66233924949325d0
0.10779957649200836d0   2.48497889721366d0
0.11130324108273261d0   2.319089780994d0
0.11492078056947928d0   2.16394836348375d0
0.11865589607477556d0   2.01887632601117d0
0.1225124090137541d0   1.88323752209211d0
0.12649426500386204d0   1.75643533513335d0
0.13060553790164173d0   1.63791045164324d0
0.13485043397071295d0   1.52713820848108d0
0.13923329618522273d0   1.42362679610504d0
0.14375860867316315d0   1.32691496650155d0
0.1484310013041053d0   1.23657037682187d0
0.1532552544260411d0   1.15218755117891d0
0.15823630375618156d0   1.07338641800603d0
0.16337924543071325d0   0.999810671780445d0
0.16868934121868007d0   0.93112598378767d0
0.1741720239053259d0   0.86701950545431d0
0.17983290285040313d0   0.807197571839957d0
0.18567776972713723d0   0.75138502528345d0
0.1917126044477156d0   0.699323984601761d0
0.19794358128136544d0   0.650772741644007d0
0.20437707517127945d0   0.605504789110027d0
0.21101966825685117d0   0.563307815455557d0
0.21787815660789508d0   0.523982931016301d0
0.224959557177738d0   0.487343751597569d0
0.23227111498230024d0   0.453215657628143d0
0.23982031051250566d0   0.421435045221202d0
0.24761486738761013d0   0.391848689886821d0
0.25566276025727436d0   0.364312996190662d0
0.2639722229604662d0   0.33869356263235d0
0.27255175694954364d0   0.314864499669681d0
0.2814101399881316d0   0.292707897054969d0
0.29055643513169616d0   0.272113417402803d0
0.3d0   0.25297766098886d0
0.3035d0   0.246379570082248d0
0.307d0   0.240028816154089d0
0.3105d0   0.233913778762034d0
0.314d0   0.228023476585657d0
0.3175d0   0.222347580310474d0
0.321d0   0.216876339471941d0
0.3245d0   0.211600479835728d0
0.328d0   0.206511296659395d0
0.3315d0   0.201600536741261d0
0.335d0   0.196860373430288d0
0.3385d0   0.192283432018088d0
0.342d0   0.187862630396727d0
0.3455d0   0.183591453136158d0
0.349d0   0.179463590579396d0
0.3525d0   0.17547296952586d0
0.356d0   0.171613957932941d0
0.3595d0   0.167881185060903d0
0.363d0   0.164269497041869d0
0.3665d0   0.160774022487428d0
0.37d0   0.157390148053717d0
0.3735d0   0.154113447768037d0
0.377d0   0.150939717414106d0
0.3805d0   0.147864958498331d0
0.384d0   0.144885383523199d0
0.3875d0   0.141997341991972d0
0.391d0   0.139197368186157d0
0.3945d0   0.136482161772681d0
0.398d0   0.133848546189805d0
0.4015d0   0.131293568577835d0
0.405d0   0.128814289166839d0
0.4085d0   0.126407975632453d0
0.412d0   0.124072000918325d0
0.4155d0   0.121803850578066d0
0.419d0   0.119601124061067d0
0.4225d0   0.117461511934428d0
0.426d0   0.115382811762306d0
0.4295d0   0.11336290403622d0
0.433d0   0.111399795795269d0
0.4365d0   0.109491531117758d0
0.44d0   0.107636252295471d0
0.4435d0   0.105832181897249d0
0.447d0   0.104077611797156d0
0.4505d0   0.102370903510602d0
0.454d0   0.100710483157593d0
0.4575d0   0.0990948416644657d0
0.461d0   0.097522528677935d0
0.4645d0   0.0959921502919154d0
0.468d0   0.0945023739541045d0
0.4715d0   0.0930519081249735d0
0.475d0   0.0916395188285226d0
0.4785d0   0.0902640090576612d0
0.482d0   0.0889242413559953d0
0.4855d0   0.0876191080725574d0
0.489d0   0.0863475612319792d0
0.4925d0   0.0851085599512044d0
0.496d0   0.0839011437467639d0
0.4995d0   0.0827243660096036d0
0.503d0   0.0815773003039896d0
0.5065d0   0.080459077443739d0
0.51d0   0.0793688207442476d0
0.5135d0   0.0783057840670689d0
0.517d0   0.0772691140301606d0
0.5205d0   0.0762580739443275d0
0.524d0   0.0752719348733635d0
0.5275d0   0.074309975080685d0
0.531d0   0.0733715240089054d0
0.5345d0   0.0724559361907789d0
0.538d0   0.0715625511940538d0
0.5415d0   0.0706907636003543d0
0.545d0   0.0698399811096153d0
0.5485d0   0.069009626213997d0
0.552d0   0.0681991510526544d0
0.5555d0   0.0674080090193919d0
0.559d0   0.0666356913474734d0
0.5625d0   0.0658816948261031d0
0.566d0   0.0651455355713845d0
0.5695d0   0.0644267438805173d0
0.573d0   0.0637248649748733d0
0.5765d0   0.0630394623186217d0
0.58d0   0.0623701087326459d0
0.5835d0   0.0617163940203132d0
0.587d0   0.061077920174547d0
0.5905d0   0.0604543037057456d0
0.594d0   0.0598451669873562d0
0.5975d0   0.0592501502796788d0
0.601d0   0.058668898991188d0
0.6045d0   0.0581010766283277d0
0.608d0   0.0575463544134965d0
0.6115d0   0.0570044124131858d0
0.615d0   0.0564749400922654d0
0.6185d0   0.0559576397206228d0
0.622d0   0.0554522169228617d0
0.6255d0   0.0549583910892852d0
0.629d0   0.0544758887154293d0
0.6325d0   0.0540044436783283d0
0.636d0   0.0535437963434334d0
0.6395d0   0.0530936964667574d0
0.643d0   0.0526539023963994d0
0.6465d0   0.052224178229939d0
0.65d0   0.0518042913155444d0
0.6535d0   0.0513940229663864d0
0.657d0   0.0509931552823844d0
0.6605d0   0.0506014791497776d0
0.664d0   0.0502187886607254d0
0.6675d0   0.0498448880994221d0
0.671d0   0.0494795811691013d0
0.6745d0   0.0491226822960161d0
0.678d0   0.048774007210698d0
0.6815d0   0.0484333832658056d0
0.685d0   0.0481006360880949d0
0.6885d0   0.0477755900088811d0
0.692d0   0.0474581568689995d0
0.6955d0   0.0471480516468214d0
0.699d0   0.0468451228462452d0
0.7025d0   0.0465493364949819d0
0.706d0   0.0462604952271218d0
0.7095d0   0.0459784446352093d0
0.713d0   0.0457030526441522d0
0.7165d0   0.0454341798094549d0
0.72d0   0.0451716927551809d0
0.7235d0   0.0449154749816152d0
0.727d0   0.0446654006454517d0
0.7305d0   0.0444213438290746d0
0.734d0   0.0441831897187437d0
0.7375d0   0.0439508210459643d0
0.741d0   0.0437241281147852d0
0.7445d0   0.0435029999945523d0
0.748d0   0.0432873312856251d0
0.7515d0   0.0430770193625888d0
0.755d0   0.0428719629223497d0
0.7585d0   0.0426720661625201d0
0.762d0   0.0424772294001183d0
0.7655d0   0.0422873560030308d0
0.769d0   0.0421023621522805d0
0.7725d0   0.0419221572421843d0
0.776d0   0.0417466539180457d0
0.7795d0   0.0415757666609421d0
0.783d0   0.0414094150698168d0
0.7865d0   0.0412475182868144d0
0.79d0   0.041089997018786d0
0.7935d0   0.0409367750178286d0
0.797d0   0.0407877784714956d0
0.8005d0   0.0406429333687234d0
0.804d0   0.0405021686943528d0
0.8075d0   0.0403654163533759d0
0.811d0   0.0402326051840442d0
0.8145d0   0.0401036740046583d0
0.818d0   0.0399785559957411d0
0.8215d0   0.0398571880392252d0
0.825d0   0.0397395107573455d0
0.8285d0   0.0396254593133744d0
0.832d0   0.0395149781901782d0
0.8355d0   0.0394080101565175d0
0.839d0   0.0393044973949969d0
0.8425d0   0.0392043761844299d0
0.846d0   0.0391076137074029d0
0.8495d0   0.0390141478126558d0
0.853d0   0.038923921926801d0
0.8565d0   0.0388369134360452d0
0.86d0   0.0387530450211386d0
0.8635d0   0.0386722530088079d0
0.867d0   0.0385945246936701d0
0.8705d0   0.0385198134259121d0
0.874d0   0.038448040402141d0
0.8775d0   0.0383791983858885d0
0.881d0   0.0383132355158602d0
0.8845d0   0.0382501095104215d0
0.888d0   0.0381897738644403d0
0.8915d0   0.0381321927044435d0
0.895d0   0.0380773272959216d0
0.8985d0   0.038025135164631d0
0.902d0   0.0379755874164677d0
0.9055d0   0.0379286447065906d0
0.909d0   0.0378842725444136d0
0.9125d0   0.0378424302037012d0
0.916d0   0.0378030875794236d0
0.9195d0   0.0377662089445305d0
0.923d0   0.0377317634867664d0
0.9265d0   0.0376997215128777d0
0.93d0   0.0376700491665597d0
0.9335d0   0.0376427208338023d0
0.937d0   0.0376176960873876d0
0.9405d0   0.0375949542891604d0
0.944d0   0.0375744643135206d0
0.9475d0   0.0375561982850191d0
0.951d0   0.0375401283164193d0
0.9545d0   0.0375262268794617d0
0.958d0   0.0375144818340556d0
0.9615d0   0.0375048289129493d0
0.965d0   0.0374972801490382d0
0.9685d0   0.0374917982408412d0
0.972d0   0.0374883595800154d0
0.9755d0   0.0374869410256917d0
0.979d0   0.0374875177732174d0
0.9825d0   0.0374900668121d0
0.986d0   0.0374945668767893d0
0.9895d0   0.0375009960894605d0
0.993d0   0.0375093327053184d0
0.9965d0   0.0375195553930173d0
1d0   0.037531645385328672846d0