0.0005d0   -6669.4801715692d0
0.000516250827251552d0   -6373.93126619204d0
0.0005330298332758236d0   -6091.13958212109d0
0.0005503541847568015d0   -5820.56703741693d0
0.0005682416063241046d0   -5561.69809308809d0
0.0005867103986871396d0   -5314.03846052568d0
0.0006057794573586473d0   -5077.11400053902d0
0.000625468291986796d0   -4850.47055735099d0
0.0006457970463155974d0   -4633.67264276229d0
0.000666786518794072d0   -4426.30277982841d0
0.0006884581838552445d0   -4227.96085319063d0
0.0007108342138867422d0   -4038.26340295897d0
0.0007339375019154746d0   -3856.84284114131d0
0.0007577916850296027d0   -3683.34692680048d0
0.0007824211685617599d0   -3517.43800218217d0
0.000807851151058269d0   -3358.7925725765d0
0.0008341076500598998d0   -3207.10058659178d0
0.0008612175287205427d0   -3062.06493008638d0
0.0008892085232910348d0   -2923.40088986295d0
0.0009181092714962553d0   -2790.83569375223d0
0.0009479493418345232d0   -2664.10798133466d0
0.0009787592638292738d0   -2542.96730099066d0
0.0010105705592639653d0   -2427.17372000813d0
0.0010434157744321712d0   -2316.49737383637d0
0.0010773285134358546d0   -2210.71804085447d0
0.0011123434725658892d0   -2109.62478589527d0
0.001148496475800009d0   -2013.01549695925d0
0.0011858245114544934d0   -1920.69665225603d0
0.0012243657700270996d0   -1832.48277953639d0
0.001264159683269947d0   -1748.19631895382d0
0.0013052469645323404d0   -1667.66721608882d0
0.001347669650414796d0   -1590.73244207591d0
0.0013914711437768964d0   -1517.23581305958d0
0.0014366962581429724d0   -1447.02875116524d0
0.0014833912635510377d0   -1379.96733478025d0
0.0015316039338918962d0   -1315.91482998344d0
0.0015813835957868456d0   -1254.74005168189d0
0.001632781179053986d0   -1196.3173898163d0
0.0016858492688147696d0   -1140.52660697173d0
0.001740642159294098d0   -1087.25251445181d0
0.0017972159093690117d0   -1036.3848912858d0
0.0018556283999228052d0   -987.818238799327d0
0.0019159393930632438d0   -941.451608072402d0
0.0019782105932654725d0   -897.188044935941d0
0.0020425057105021675d0   -854.935231114554d0
0.0021088905254255256d0   -814.604547229868d0
0.002177432956667776d0   -776.111047184085d0
0.0022482031303290638d0   -739.373725218764d0
0.0023212734517238163d0   -704.314875340913d0
0.0023967186794589712d0   -670.860173283991d0
0.0024746160019198825d0   -638.938502035901d0
0.002555045116242136d0   -608.481797579237d0
0.0026380883098500807d0   -579.424957757252d0
0.002723830544645506d0   -551.705666895321d0
0.002812359543932576d0   -525.264317585561d0
0.0029037658821679797d0   -500.043907741713d0
0.002998143077628105d0   -475.989871794842d0
0.003095587688088045d0   -453.050027424538d0
0.003196199409610346d0   -431.174458280456d0
0.0033000811785445267d0   -410.315426361842d0
0.0034073392768417775d0   -390.427256597829d0
0.0035180834407925452d0   -371.466280139574d0
0.0036324269732982764d0   -353.390738339451d0
0.0037504868597921723d0   -336.160689395377d0
0.0038723838879275697d0   -319.737931857139d0
0.003998242771156378d0   -304.085954533358d0
0.004128192276324037d0   -289.169841512808d0
0.004262365355411504d0   -274.956207927854d0
0.0044008992815590875d0   -261.413140356443d0
0.004543935789511278d0   -248.510109792413d0
0.004691621220626263d0   -236.21798130226d0
0.00484410667259849d0   -224.508860773844d0
0.005001548154047467d0   -213.356104915876d0
0.005164106744130956d0   -202.734249619499d0
0.0053319487573458505d0   -192.618955572754d0
0.00550524591368536d0   -182.986962480618d0
0.005684175514326585d0   -173.816045897248d0
0.005868920623028233d0   -165.08496998089d0
0.006059670253424039d0   -156.773442932447d0
0.006256619562403565d0   -148.86208084687d0
0.006459970049778167d0   -141.332361527936d0
0.006669929764436459d0   -134.166594476753d0
0.00688671351720014d0   -127.3478797401d0
0.007110543100598033d0   -120.860075759832d0
0.007341647515783102d0   -114.687765581676d0
0.007580263206824657d0   -108.816225824804d0
0.007826634302615465d0   -103.231396040584d0
0.008081012866641216d0   -97.919852484049d0
0.008343659154867927d0   -92.8687692474379d0
0.008614841882011106d0   -88.0659097984038d0
0.008894838496459098d0   -83.4995870475195d0
0.009183935464131923d0   -79.1586448284927d0
0.009482428561565944d0   -75.0324341792081d0
0.009790623178524326d0   -71.1107926114617d0
0.010108834630442804d0   -67.3840162138024d0
0.01043738848103047d0   -63.8428489141865d0
0.010776620875355601d0   -60.4784534446341d0
0.011126878883757345d0   -57.2824004962517d0
0.011488520856935112d0   -54.2466427885144d0
0.011861916792578921d0   -51.3635101879798d0
0.01224744871391589d0   -48.6256717515146d0
0.012645511060560072d0   -46.0261516231413d0
0.013056511092065577d0   -43.5582847318251d0
0.013480869304595841d0   -41.2157166651158d0
0.01391901986113531d0   -38.9923873912124d0
0.014371411035683774d0   -36.8825159885645d0
0.014838505671887665d0   -34.8805954414968d0
0.01532078165657771d0   -32.98136888738d0
0.015818732408697293d0   -31.1798284841203d0
0.01633286738412183d0   -29.4711981633563d0
0.01686371259688557d0   -27.850926409041d0
0.01741181115734919d0   -26.3146750092261d0
0.017977723827858647d0   -24.8583085089814d0
0.018562029596463917d0   -23.4778870623343d0
0.019165326269284577d0   -22.1696560646384d0
0.01978823108212813d0   -20.9300384421463d0
0.020431381331987047d0   -19.7556252814753d0
0.02109543502906046d0   -18.6431704759604d0
0.021781071569967666d0   -17.5895813209276d0
0.02248899243284213d0   -16.5919127625773d0
0.02321992189501729d0   -15.6473599248349d0
0.023974607774038204d0   -14.7532516593442d0
0.024753822192757426d0   -13.9070451652682d0
0.0255583623692977d0   -13.1063192142178d0
0.026389051432689752d0   -12.3487689577607d0
0.02724673926501967d0   -11.6322006277044d0
0.0281323033709475d0   -10.9545264199565d0
0.029046649775486558d0   -10.3137595678837d0
0.02999071395096208d0   -9.70800890175375d0
0.03096546177409766d0   -9.13547633890872d0
0.03197189051420848d0   -8.5944502856967d0
0.033011029853512334d0   -8.08330325442362d0
0.034083942940602865d0   -7.60048706769329d0
0.035191727478161836d0   -7.14452946269257d0
0.03633551684602447d0   -6.71403060479526d0
0.03751648126074566d0   -6.30765955030059d0
0.038735828972854575d0   -5.9241510636532d0
0.039994807503021645d0   -5.56230250506536d0
0.04129470491840296d0   -5.22097073535381d0
0.042636851150468544d0   -4.89906977622338d0
0.04402261935566136d0   -4.59556753745291d0
0.04545342732028072d0   -4.30948377941312d0
0.04693073891102642d0   -4.03988699647173d0
0.048456065572688015d0   -3.78589288417034d0
0.05003096787451125d0   -3.54666123311871d0
0.0516570571068245d0   -3.32139475585431d0
0.05333599692955765d0   -3.10933624503265d0
0.05506950507434073d0   -2.9097670450699d0
0.05685935510192392d0   -2.7220050954455d0
0.05870737821671594d0   -2.5454031282312d0
0.060615465140298704d0   -2.37934715055307d0
0.06258556804583364d0   -2.22325498327854d0
0.06461970255533982d0   -2.07657296194759d0
0.06671994980188686d0   -1.93877825154695d0
0.0688884585588122d0   -1.80937378953275d0
0.07112744743814216d0   -1.68788916498738d0
0.07343920716046433d0   -1.57387625620025d0
0.07582610289857558d0   -1.46691382183905d0
0.07829057669730194d0   -1.36660049882401d0
0.0808351499719664d0   -1.27255660831797d0
0.08346242608806186d0   -1.18442261647596d0
0.0861750930247669d0   -1.10185793433181d0
0.08897592612503079d0   -1.02454024405425d0
0.09186779093504013d0   -0.952164321765661d0
0.09485364613597425d0   -0.884441445254143d0
0.09793654657104535d0   -0.82109835430647d0
0.10111964637092459d0   -0.761876719651084d0
0.10440620218074848d0   -0.706531796944034d0
0.10779957649200836d0   -0.654832489462624d0
0.11130324108273261d0   -0.606560532388672d0
0.11492078056947928d0   -0.561509298494283d0
0.11865589607477556d0   -0.519483676320605d0
0.1225124090137541d0   -0.480299343160873d0
0.12649426500386204d0   -0.443782243715154d0
0.13060553790164173d0   -0.409768037931149d0
0.13485043397071295d0   -0.378101605610365d0
0.13923329618522273d0   -0.348636572471163d0
0.14375860867316315d0   -0.32123485443694d0
0.1484310013041053d0   -0.295766228265721d0
0.1532552544260411d0   -0.272107917287307d0
0.15823630375618156d0   -0.250144193929794d0
0.16337924543071325d0   -0.229766047065625d0
0.16868934121868007d0   -0.210870772282096d0
0.1741720239053259d0   -0.193361631335791d0
0.17983290285040313d0   -0.177147643754333d0
0.18567776972713723d0   -0.162143148947765d0
0.1917126044477156d0   -0.148267583972493d0
0.19794358128136544d0   -0.135445211923073d0
0.20437707517127945d0   -0.123604826680549d0
0.21101966825685117d0   -0.112679547278427d0
0.21787815660789508d0   -0.102606559447459d0
0.224959557177738d0   -0.0933268957188367d0
0.23227111498230024d0   -0.0847852304165848d0
0.23982031051250566d0   -0.0769296687594341d0
0.24761486738761013d0   -0.0697115644824045d0
0.25566276025727436d0   -0.063085334198583d0
0.2639722229604662d0   -0.0570082874357041d0
0.27255175694954364d0   -0.0514404639833277d0
0.2814101399881316d0   -0.0463444776112522d0
0.29055643513169616d0   -0.0416853680811144d0
0.3d0   -0.0374304698026913d0
0.3035d0   -0.0359813138529881d0
0.307d0   -0.0345956998820764d0
0.3105d0   -0.0332703724516696d0
0.314d0   -0.0320022699080423d0
0.3175d0   -0.0307885132612971d0
0.321d0   -0.0296263907258545d0
0.3245d0   -0.0285133492709182d0
0.328d0   -0.0274469825338916d0
0.3315d0   -0.0264250209217517d0
0.335d0   -0.0254453228953356d0
0.3385d0   -0.0245058678602564d0
0.342d0   -0.0236047464486022d0
0.3455d0   -0.0227401559617028d0
0.349d0   -0.0219103903411979d0
0.3525d0   -0.021113836795083d0
0.356d0   -0.0203489684495432d0
0.3595d0   -0.0196143411541647d0
0.363d0   -0.0189085849528966d0
0.3665d0   -0.0182304032312111d0
0.37d0   -0.0175785658268958d0
0.3735d0   -0.016951906396388d0
0.377d0   -0.0163493180359193d0
0.3805d0   -0.0157697504562403d0
0.384d0   -0.0152122054682878d0
0.3875d0   -0.0146757353145911d0
0.391d0   -0.0141594390923167d0
0.3945d0   -0.0136624637848005d0
0.398d0   -0.0131839874027916d0
0.4015d0   -0.0127232383349533d0
0.405d0   -0.0122794788761918d0
0.4085d0   -0.0118520065267152d0
0.412d0   -0.0114401517041053d0
0.4155d0   -0.0110432769677943d0
0.419d0   -0.0106607739439278d0
0.4225d0   -0.010292063568818d0
0.426d0   -0.00993659281334894d0
0.4295d0   -0.00959383414940117d0
0.433d0   -0.00926328158016013d0
0.4365d0   -0.00894445948774411d0
0.44d0   -0.00863690618613158d0
0.4435d0   -0.00834018314692402d0
0.447d0   -0.00805387119789221d0
0.4505d0   -0.00777756967741354d0
0.454d0   -0.00751089547573679d0
0.4575d0   -0.00725348217632428d0
0.461d0   -0.0070049791822975d0
0.4645d0   -0.00676505098791372d0
0.468d0   -0.00653337641686726d0
0.4715d0   -0.00630964790626627d0
0.475d0   -0.00609357092812336d0
0.4785d0   -0.00588486327571179d0
0.482d0   -0.00568325452570383d0
0.4855d0   -0.00548848546527843d0
0.489d0   -0.00530030753835609d0
0.4925d0   -0.00511848236784823d0
0.496d0   -0.00494278142996075d0
0.4995d0   -0.00477298529285359d0
0.503d0   -0.00460888344694913d0
0.5065d0   -0.00445027373945583d0
0.51d0   -0.00429696215452595d0
0.5135d0   -0.00414876233648122d0
0.517d0   -0.00400549527006677d0
0.5205d0   -0.0038669888433011d0
0.524d0   -0.00373307795699681d0
0.5275d0   -0.00360360363274738d0
0.531d0   -0.00347841318702433d0
0.5345d0   -0.00335735953635184d0
0.538d0   -0.00324030146921375d0
0.5415d0   -0.00312710304964595d0
0.545d0   -0.00301763348274321d0
0.5485d0   -0.00291176686260194d0
0.552d0   -0.00280938201585433d0
0.5555d0   -0.00271036225562702d0
0.559d0   -0.00261459523471659d0
0.5625d0   -0.00252197271679634d0
0.566d0   -0.00243239043503496d0
0.5695d0   -0.00234574793593272d0
0.573d0   -0.00226194840383561d0
0.5765d0   -0.00218089851243672d0
0.58d0   -0.00210250829101115d0
0.5835d0   -0.00202669101872837d0
0.587d0   -0.00195336289665005d0
0.5905d0   -0.00188244341887723d0
0.594d0   -0.0018138545765821d0
0.5975d0   -0.00174752128537036d0
0.601d0   -0.00168337104845599d0
0.6045d0   -0.00162133386770164d0
0.608d0   -0.00156134216621516d0
0.6115d0   -0.00150333069300968d0
0.615d0   -0.00144723646616785d0
0.6185d0   -0.00139299862451667d0
0.622d0   -0.00134055838351432d0
0.6255d0   -0.00128985893978777d0
0.629d0   -0.00124084540412091d0
0.6325d0   -0.00119346471621766d0
0.636d0   -0.00114766561494739d0
0.6395d0   -0.00110339851739822d0
0.643d0   -0.0010606164658978d0
0.6465d0   -0.00101927018034852d0
0.65d0   -0.000979317737254997d0
0.6535d0   -0.000940714800269002d0
0.657d0   -0.000903419400794448d0
0.6605d0   -0.000867390941162598d0
0.664d0   -0.000832590111844144d0
0.6675d0   -0.000798978890115699d0
0.671d0   -0.000766520454448872d0
0.6745d0   -0.000735179157388882d0
0.678d0   -0.000704920482772975d0
0.6815d0   -0.000675711028976883d0
0.685d0   -0.000647518336794439d0
0.6885d0   -0.000620311128731193d0
0.692d0   -0.000594058994422131d0
0.6955d0   -0.000568732472834137d0
0.699d0   -0.000544303085009934d0
0.7025d0   -0.000520743127203424d0
0.706d0   -0.000498025823026675d0
0.7095d0   -0.000476125169658895d0
0.713d0   -0.000455015984171812d0
0.7165d0   -0.000434673834431565d0
0.72d0   -0.000415075032997195d0
0.7235d0   -0.00039619659711703d0
0.727d0   -0.000378016236295153d0
0.7305d0   -0.000360512324068173d0
0.734d0   -0.000343663879162666d0
0.7375d0   -0.000327450538784254d0
0.741d0   -0.000311852542368012d0
0.7445d0   -0.000296850710076921d0
0.748d0   -0.00028242642314291d0
0.7515d0   -0.00026856160387061d0
0.755d0   -0.000255238702944377d0
0.7585d0   -0.00024244067655031d0
0.762d0   -0.000230150973045725d0
0.7655d0   -0.000218353515399265d0
0.769d0   -0.000207032688016873d0
0.7725d0   -0.000196173317423368d0
0.776d0   -0.000185760660776836d0
0.7795d0   -0.000175780403069095d0
0.783d0   -0.00016621861468336d0
0.7865d0   -0.000157061769403528d0
0.79d0   -0.000148296716658209d0
0.7935d0   -0.000139910641881498d0
0.797d0   -0.000131891205866128d0
0.8005d0   -0.000124226232083583d0
0.804d0   -0.000116903998252598d0
0.8075d0   -0.000109913072810702d0
0.811d0   -0.000103242344034634d0
0.8145d0   -0.0000968809917868314d0
0.818d0   -0.0000908184980187436d0
0.8215d0   -0.0000850446270040951d0
0.825d0   -0.0000795494170024398d0
0.8285d0   -0.0000743231783070414d0
0.832d0   -0.0000693564770304069d0
0.8355d0   -0.0000646401317212037d0
0.839d0   -0.0000601652049878924d0
0.8425d0   -0.0000559229963269401d0
0.846d0   -0.0000519050337343822d0
0.8495d0   -0.0000481030694429491d0
0.853d0   -0.0000445090707488707d0
0.8565d0   -0.0000411152144782915d0
0.86d0   -0.0000379138812193374d0
0.8635d0   -0.0000348976487663819d0
0.867d0   -0.00003205928675606d0
0.8705d0   -0.0000293917507737454d0
0.874d0   -0.0000268881763487893d0
0.8775d0   -0.000024541874964961d0
0.881d0   -0.0000223463285523338d0
0.8845d0   -0.0000202951832835644d0
0.888d0   -0.0000183822472806043d0
0.8915d0   -0.0000166014834783568d0
0.895d0   -0.0000149470065806189d0
0.8985d0   -0.000013413078386063d0
0.902d0   -0.0000119941036769385d0
0.9055d0   -0.0000106846260557624d0
0.909d0   -9.47932410536673d-6
0.9125d0   -8.37300752845135d-6
0.916d0   -7.3606135155852d-6
0.9195d0   -6.43720301646879d-6
0.923d0   -5.59795757519294d-6
0.9265d0   -4.83817569072485d-6
0.93d0   -4.15326971173009d-6
0.9335d0   -3.53876263267948d-6
0.937d0   -2.9902850288294d-6
0.9405d0   -2.50357220901165d-6
0.944d0   -2.07446122520189d-6
0.9475d0   -1.69888809771328d-6
0.951d0   -1.37288520264343d-6
0.9545d0   -1.09257856496647d-6
0.958d0   -8.54185370667295d-7
0.9615d0   -6.54011482466127d-7
0.965d0   -4.88449076356009d-7
0.9685d0   -3.5397430394496d-7
0.972d0   -2.47145049093216d-7
0.9755d0   -1.64598754856696d-7
0.979d0   -1.03050300774582d-7
0.9825d0   -5.92899560042269d-8
0.986d0   -3.01813807044763d-8
0.9895d0   -1.26596942166112d-8
0.993d0   -3.72959756368521d-9
0.9965d0   -4.63550044239491d-10
1d0   0d0