0.0005d0   -404122.427663479d0
0.000516250827251552d0   -378728.775742872d0
0.0005330298332758236d0   -354923.631417404d0
0.0005503541847568015d0   -332607.947637538d0
0.0005682416063241046d0   -311688.809226793d0
0.0005867103986871396d0   -292079.165502067d0
0.0006057794573586473d0   -273697.273364441d0
0.000625468291986796d0   -256466.53005188d0
0.0006457970463155974d0   -240315.105894886d0
0.000666786518794072d0   -225175.634014606d0
0.0006884581838552445d0   -210984.94312673d0
0.0007108342138867422d0   -197683.790559145d0
0.0007339375019154746d0   -185216.637173453d0
0.0007577916850296027d0   -173531.379755783d0
0.0007824211685617599d0   -162579.195282789d0
0.000807851151058269d0   -152314.261991124d0
0.0008341076500598998d0   -142693.636069241d0
0.0008612175287205427d0   -133677.046467677d0
0.0008892085232910348d0   -125226.729736281d0
0.0009181092714962553d0   -117307.287583894d0
0.0009479493418345232d0   -109885.505493837d0
0.0009787592638292738d0   -102930.255017232d0
0.0010105705592639653d0   -96412.3492671567d0
0.0010434157744321712d0   -90304.4217911352d0
0.0010773285134358546d0   -84580.8043919604d0
0.0011123434725658892d0   -79217.4370552582d0
0.001148496475800009d0   -74191.7571629504d0
0.0011858245114544934d0   -69482.6187506353d0
0.0012243657700270996d0   -65070.1921825563d0
0.001264159683269947d0   -60935.8632929645d0
0.0013052469645323404d0   -57062.2045524968d0
0.001347669650414796d0   -53432.8872201895d0
0.0013914711437768964d0   -50032.5777713225d0
0.0014366962581429724d0   -46846.9111862271d0
0.0014833912635510377d0   -43862.41579179d0
0.0015316039338918962d0   -41066.4646725854d0
0.0015813835957868456d0   -38447.219618419d0
0.001632781179053986d0   -35993.5818387721d0
0.0016858492688147696d0   -33695.1493843929d0
0.001740642159294098d0   -31542.1675729948d0
0.0017972159093690117d0   -29525.4915559604d0
0.0018556283999228052d0   -27636.5503632759d0
0.0019159393930632438d0   -25867.309874949d0
0.0019782105932654725d0   -24210.2386926405d0
0.0020425057105021675d0   -22658.2750744768d0
0.0021088905254255256d0   -21204.8008693443d0
0.002177432956667776d0   -19843.6122989009d0
0.0022482031303290638d0   -18568.8942765508d0
0.0023212734517238163d0   -17375.196156108d0
0.0023967186794589712d0   -16257.4092802732d0
0.0024746160019198825d0   -15210.7440755839d0
0.002555045116242136d0   -14230.7129360889d0
0.0026380883098500807d0   -13313.1093702717d0
0.002723830544645506d0   -12453.9899369933d0
0.002812359543932576d0   -11649.6595890973d0
0.0029037658821679797d0   -10896.6552233013d0
0.002998143077628105d0   -10191.7308776792d0
0.003095587688088045d0   -9531.84472690356d0
0.003196199409610346d0   -8914.14617899669d0
0.0033000811785445267d0   -8335.96363583256d0
0.0034073392768417775d0   -7794.79384824501d0
0.0035180834407925452d0   -7288.23081882992d0
0.0036324269732982764d0   -6814.25582460023d0
0.0037504868597921723d0   -6370.6290511297d0
0.0038723838879275697d0   -5955.48040982522d0
0.003998242771156378d0   -5567.00078806224d0
0.004128192276324037d0   -5203.49649883527d0
0.004262365355411504d0   -4863.37868857587d0
0.0044008992815590875d0   -4545.15999588753d0
0.004543935789511278d0   -4247.44646140776d0
0.004691621220626263d0   -3968.93225515435d0
0.00484410667259849d0   -3708.39388735601d0
0.005001548154047467d0   -3464.68512883647d0
0.005164106744130956d0   -3236.73246464273d0
0.0053319487573458505d0   -3023.52982097241d0
0.00550524591368536d0   -2824.13500640047d0
0.005684175514326585d0   -2637.66524201606d0
0.005868920623028233d0   -2463.29429388543d0
0.006059670253424039d0   -2300.24727511715d0
0.006256619562403565d0   -2147.798979805d0
0.006459970049778167d0   -2005.26967758662d0
0.006669929764436459d0   -1872.02458934809d0
0.00688671351720014d0   -1747.46617653861d0
0.007110543100598033d0   -1631.03708738225d0
0.007341647515783102d0   -1522.21466326133d0
0.007580263206824657d0   -1420.50955835038d0
0.007826634302615465d0   -1325.46342621577d0
0.008081012866641216d0   -1236.64766086792d0
0.008343659154867927d0   -1153.65942582984d0
0.008614841882011106d0   -1076.12349907864d0
0.008894838496459098d0   -1003.68737053632d0
0.009183935464131923d0   -936.021318637423d0
0.009482428561565944d0   -872.816634766743d0
0.009790623178524326d0   -813.784362734888d0
0.010108834630442804d0   -758.653997957646d0
0.01043738848103047d0   -707.172317983008d0
0.010776620875355601d0   -659.102310839345d0
0.011126878883757345d0   -614.222158577721d0
0.011488520856935112d0   -572.324239462618d0
0.011861916792578921d0   -533.214261563358d0
0.01224744871391589d0   -496.71040254001d0
0.012645511060560072d0   -462.642497301011d0
0.013056511092065577d0   -430.851323776436d0
0.013480869304595841d0   -401.187924384655d0
0.01391901986113531d0   -373.512912820265d0
0.014371411035683774d0   -347.695876756108d0
0.014838505671887665d0   -323.61482575694d0
0.01532078165657771d0   -301.155651899054d0
0.015818732408697293d0   -280.211584072127d0
0.01633286738412183d0   -260.682785141194d0
0.01686371259688557d0   -242.475868867395d0
0.01741181115734919d0   -225.503495006193d0
0.017977723827858647d0   -209.683988378284d0
0.018562029596463917d0   -194.940989597056d0
0.019165326269284577d0   -181.203058595692d0
0.01978823108212813d0   -168.403431101037d0
0.020431381331987047d0   -156.479693926638d0
0.02109543502906046d0   -145.373486914602d0
0.021781071569967666d0   -135.030259859887d0
0.02248899243284213d0   -125.399022689171d0
0.02321992189501729d0   -116.43212901563d0
0.023974607774038204d0   -108.08504020061d0
0.024753822192757426d0   -100.316139286908d0
0.0255583623692977d0   -93.0865407850003d0
0.026389051432689752d0   -86.3599134386131d0
0.02724673926501967d0   -80.1023079701262d0
0.0281323033709475d0   -74.2820238433501d0
0.029046649775486558d0   -68.8694419511312d0
0.02999071395096208d0   -63.8369007598843d0
0.03096546177409766d0   -59.1585668629155d0
0.03197189051420848d0   -54.810320216958d0
0.033011029853512334d0   -50.7696332597752d0
0.034083942940602865d0   -47.0154818392047d0
0.035191727478161836d0   -43.5282349500272d0
0.03633551684602447d0   -40.2895355763789d0
0.03751648126074566d0   -37.2823862770045d0
0.038735828972854575d0   -34.4907252493023d0
0.039994807503021645d0   -31.899698220985d0
0.04129470491840296d0   -29.4954098879004d0
0.042636851150468544d0   -27.2649017734692d0
0.04402261935566136d0   -25.1960843651112d0
0.04545342732028072d0   -23.2776822226398d0
0.04693073891102642d0   -21.4991833421937d0
0.048456065572688015d0   -19.8507843157037d0
0.05003096787451125d0   -18.3233459788584d0
0.0516570571068245d0   -16.9083500306042d0
0.05333599692955765d0   -15.5978579825867d0
0.05506950507434073d0   -14.3844647375025d0
0.05685935510192392d0   -13.2612836978481d0
0.05870737821671594d0   -12.2218902990955d0
0.060615465140298704d0   -11.2603023439006d0
0.06258556804583364d0   -10.3709495106694d0
0.06461970255533982d0   -9.54864391929322d0
0.06671994980188686d0   -8.78855626867013d0
0.0688884585588122d0   -8.08619136395833d0
0.07112744743814216d0   -7.43736531274591d0
0.07343920716046433d0   -6.83818492554178d0
0.07582610289857558d0   -6.28502915526377d0
0.07829057669730194d0   -5.77452907809888d0
0.0808351499719664d0   -5.30355189966917d0
0.08346242608806186d0   -4.86918498646301d0
0.0861750930247669d0   -4.46872057664697d0
0.08897592612503079d0   -4.09964233642799d0
0.09186779093504013d0   -3.75961117712594d0
0.09485364613597425d0   -3.44645674306903d0
0.09793654657104535d0   -3.15815990608857d0
0.10111964637092459d0   -2.89284782033232d0
0.10440620218074848d0   -2.64878146170684d0
0.10779957649200836d0   -2.42434679148097d0
0.11130324108273261d0   -2.21804623692558d0
0.11492078056947928d0   -2.02849067367049d0
0.11865589607477556d0   -1.85439182088114d0
0.1225124090137541d0   -1.6945552231559d0
0.12649426500386204d0   -1.54787399704266d0
0.13060553790164173d0   -1.41332239059611d0
0.13485043397071295d0   -1.28995034314149d0
0.13923329618522273d0   -1.17687815062371d0
0.14375860867316315d0   -1.07329100929532d0
0.1484310013041053d0   -0.978435598433482d0
0.1532552544260411d0   -0.89161455738345d0
0.15823630375618156d0   -0.812183141922008d0
0.16337924543071325d0   -0.739545285708511d0
0.16868934121868007d0   -0.67315018765883d0
0.1741720239053259d0   -0.612489042801445d0
0.17983290285040313d0   -0.557092025812239d0
0.18567776972713723d0   -0.506525498206973d0
0.1917126044477156d0   -0.460389348722812d0
0.19794358128136544d0   -0.41831461246602d0
0.20437707517127945d0   -0.379961154001272d0
0.21101966825685117d0   -0.345015577064139d0
0.21787815660789508d0   -0.313189255039582d0
0.224959557177738d0   -0.284216498326034d0
0.23227111498230024d0   -0.257852842144737d0
0.23982031051250566d0   -0.233873502783129d0
0.24761486738761013d0   -0.212071861201833d0
0.25566276025727436d0   -0.192258115747886d0
0.2639722229604662d0   -0.174257946047481d0
0.27255175694954364d0   -0.157911666280702d0
0.2814101399881316d0   -0.143072407845216d0
0.29055643513169616d0   -0.129605896307337d0
0.3d0   -0.117389021697189d0
0.3035d0   -0.113245137018097d0
0.307d0   -0.109290694860917d0
0.3105d0   -0.105515145748407d0
0.314d0   -0.101908645133001d0
0.3175d0   -0.0984619597700728d0
0.321d0   -0.09516646127266d0
0.3245d0   -0.092014061878519d0
0.328d0   -0.0889971820498127d0
0.3315d0   -0.0861087116496629d0
0.335d0   -0.0833419763831497d0
0.3385d0   -0.0806907068370492d0
0.342d0   -0.0781490167510278d0
0.3455d0   -0.0757113623374811d0
0.349d0   -0.0733725457618344d0
0.3525d0   -0.0711276523038011d0
0.356d0   -0.0689720633774671d0
0.3595d0   -0.0669014288179802d0
0.363d0   -0.0649116435289347d0
0.3665d0   -0.0629988362289709d0
0.37d0   -0.0611593511274516d0
0.3735d0   -0.0593897392506216d0
0.377d0   -0.0576867382062362d0
0.3805d0   -0.0560472662067536d0
0.384d0   -0.0544684091367515d0
0.3875d0   -0.0529474091821208d0
0.391d0   -0.0514816546739929d0
0.3945d0   -0.0500686746001366d0
0.398d0   -0.0487061254749589d0
0.4015d0   -0.0473917868151728d0
0.405d0   -0.0461235539282692d0
0.4085d0   -0.0448994285268674d0
0.412d0   -0.0437175144545566d0
0.4155d0   -0.0425760112876762d0
0.419d0   -0.0414732094628731d0
0.4225d0   -0.040407483484817d0
0.426d0   -0.0393772889642214d0
0.4295d0   -0.0383811563908748d0
0.433d0   -0.0374176874144334d0
0.4365d0   -0.0364855518568214d0
0.44d0   -0.0355834832256958d0
0.4435d0   -0.0347102746533036d0
0.447d0   -0.0338647764960006d0
0.4505d0   -0.0330458934821948d0
0.454d0   -0.0322525799832078d0
0.4575d0   -0.0314838393612707d0
0.461d0   -0.0307387210197303d0
0.4645d0   -0.0300163170427027d0
0.468d0   -0.0293157599946811d0
0.4715d0   -0.0286362233332385d0
0.475d0   -0.0279769145471349d0
0.4785d0   -0.0273370712919646d0
0.482d0   -0.026715991210729d0
0.4855d0   -0.0261129625590403d0
0.489d0   -0.0255273306135527d0
0.4925d0   -0.0249584624381064d0
0.496d0   -0.024405751931498d0
0.4995d0   -0.0238686158845136d0
0.503d0   -0.0233465074495092d0
0.5065d0   -0.0228388851629149d0
0.51d0   -0.0223452414018736d0
0.5135d0   -0.0218650867644531d0
0.517d0   -0.0213979523503255d0
0.5205d0   -0.0209433874504279d0
0.524d0   -0.0205009605909137d0
0.5275d0   -0.0200702567555189d0
0.531d0   -0.0196508777259243d0
0.5345d0   -0.0192424418363042d0
0.538d0   -0.0188445812990705d0
0.5415d0   -0.0184569434278497d0
0.545d0   -0.0180791894325111d0
0.5485d0   -0.0177109926996596d0
0.552d0   -0.0173520401080801d0
0.5555d0   -0.01700202963491d0
0.559d0   -0.0166606715709188d0
0.5625d0   -0.0163276868423473d0
0.566d0   -0.0160028062309224d0
0.5695d0   -0.015685771341916d0
0.573d0   -0.0153763327461487d0
0.5765d0   -0.0150742504076083d0
0.58d0   -0.0147792930105425d0
0.5835d0   -0.0144912373811766d0
0.587d0   -0.0142098691609989d0
0.5905d0   -0.0139349807828165d0
0.594d0   -0.013666372381856d0
0.5975d0   -0.0134038513842839d0
0.601d0   -0.0131472312647744d0
0.6045d0   -0.0128963328339478d0
0.608d0   -0.0126509827758329d0
0.6115d0   -0.0124110136941077d0
0.615d0   -0.012176263953813d0
0.6185d0   -0.0119465774747711d0
0.622d0   -0.0117218033714107d0
0.6255d0   -0.0115017959423709d0
0.629d0   -0.0112864145214308d0
0.6325d0   -0.0110755220155825d0
0.636d0   -0.0108689875565491d0
0.6395d0   -0.0106666836145073d0
0.643d0   -0.0104684867956887d0
0.6465d0   -0.0102742776973128d0
0.65d0   -0.0100839411206535d0
0.6535d0   -0.00989736525824533d0
0.657d0   -0.00971444193006405d0
0.6605d0   -0.00953506635703727d0
0.664d0   -0.00935913668394504d0
0.6675d0   -0.00918655590415951d0
0.671d0   -0.00901722738424105d0
0.6745d0   -0.00885105935279343d0
0.678d0   -0.00868796228374457d0
0.6815d0   -0.00852784943989453d0
0.685d0   -0.00837063668194955d0
0.6885d0   -0.00821624239631776d0
0.692d0   -0.00806458759089486d0
0.6955d0   -0.00791559522258413d0
0.699d0   -0.00776919091154697d0
0.7025d0   -0.00762530228415863d0
0.706d0   -0.00748385914302732d0
0.7095d0   -0.00734479329735811d0
0.713d0   -0.00720803853822996d0
0.7165d0   -0.00707353057462709d0
0.72d0   -0.00694120696152267d0
0.7235d0   -0.00681100690840062d0
0.727d0   -0.00668287146515138d0
0.7305d0   -0.00655674328601992d0
0.734d0   -0.00643256658479858d0
0.7375d0   -0.00631028733901249d0
0.741d0   -0.00618985266373614d0
0.7445d0   -0.00607121135963154d0
0.748d0   -0.00595431357412179d0
0.7515d0   -0.00583911075686311d0
0.755d0   -0.00572555570917273d0
0.7585d0   -0.00561360250530378d0
0.762d0   -0.0055032063886762d0
0.7655d0   -0.00539432382374324d0
0.769d0   -0.00528691239246276d0
0.7725d0   -0.00518093078439379d0
0.776d0   -0.00507633882812396d0
0.7795d0   -0.00497309728148267d0
0.783d0   -0.0048711680607889d0
0.7865d0   -0.00477051387105306d0
0.79d0   -0.00467109850251868d0
0.7935d0   -0.00457288657067993d0
0.797d0   -0.00447584363620913d0
0.8005d0   -0.00437993592162974d0
0.804d0   -0.00428513124246093d0
0.8075d0   -0.00419139698883103d0
0.811d0   -0.0040987022412805d0
0.8145d0   -0.0040070166080342d0
0.818d0   -0.00391631037080131d0
0.8215d0   -0.00382655458214038d0
0.825d0   -0.00373772099797525d0
0.8285d0   -0.00364978136451612d0
0.832d0   -0.00356271063790662d0
0.8355d0   -0.0034764806203859d0
0.839d0   -0.00339106587870098d0
0.8425d0   -0.00330644243013646d0
0.846d0   -0.0032225846383212d0
0.8495d0   -0.0031394690015515d0
0.853d0   -0.0030570720841452d0
0.8565d0   -0.00297537101596026d0
0.86d0   -0.00289434345662741d0
0.8635d0   -0.00281396757715632d0
0.867d0   -0.00273422203092956d0
0.8705d0   -0.00265508589695573d0
0.874d0   -0.00257653883226398d0
0.8775d0   -0.00249856083196176d0
0.881d0   -0.00242113238211968d0
0.8845d0   -0.00234423439097338d0
0.888d0   -0.00226784817340815d0
0.8915d0   -0.00219195544919245d0
0.895d0   -0.00211653833083751d0
0.8985d0   -0.0020415793183776d0
0.902d0   -0.00196706127820126d0
0.9055d0   -0.00189296743362624d0
0.909d0   -0.00181928137259767d0
0.9125d0   -0.00174598701801161d0
0.916d0   -0.00167306862843723d0
0.9195d0   -0.00160051079252689d0
0.923d0   -0.00152829819555547d0
0.9265d0   -0.00145641648742279d0
0.93d0   -0.00138485097460603d0
0.9335d0   -0.00131358742685045d0
0.937d0   -0.00124261212984073d0
0.9405d0   -0.00117191110049297d0
0.944d0   -0.00110147117106058d0
0.9475d0   -0.00103127924227598d0
0.951d0   -0.000961322487024151d0
0.9545d0   -0.000891588327759352d0
0.958d0   -0.000822064430048988d0
0.9615d0   -0.000752738701932194d0
0.965d0   -0.00068359927598126d0
0.9685d0   -0.000614634538380834d0
0.972d0   -0.000545833074029032d0
0.9755d0   -0.000477183694665747d0
0.979d0   -0.000408675424063267d0
0.9825d0   -0.000340297495786583d0
0.986d0   -0.00027203934217683d0
0.9895d0   -0.000203890596102267d0
0.993d0   -0.000135841083028226d0
0.9965d0   -0.0000678808177404527d0
1d0   0d0