0.0005d0   0.151345385036023d0
0.000516250827251552d0   0.149788229777877d0
0.0005330298332758236d0   0.148241491410683d0
0.0005503541847568015d0   0.146705167554671d0
0.0005682416063241046d0   0.14517924952545d0
0.0005867103986871396d0   0.143663726649016d0
0.0006057794573586473d0   0.142158589760404d0
0.000625468291986796d0   0.140663833820036d0
0.0006457970463155974d0   0.13917944545099d0
0.000666786518794072d0   0.137705405272139d0
0.0006884581838552445d0   0.136241749333888d0
0.0007108342138867422d0   0.134788393040524d0
0.0007339375019154746d0   0.133345401761266d0
0.0007577916850296027d0   0.131912718239528d0
0.0007824211685617599d0   0.130490349578401d0
0.000807851151058269d0   0.12907828376156d0
0.0008341076500598998d0   0.127676618078309d0
0.0008612175287205427d0   0.126285019183887d0
0.0008892085232910348d0   0.124903799292983d0
0.0009181092714962553d0   0.12353284402336d0
0.0009479493418345232d0   0.122172136564199d0
0.0009787592638292738d0   0.12082167424197d0
0.0010105705592639653d0   0.119481440153514d0
0.0010434157744321712d0   0.118151422138423d0
0.0010773285134358546d0   0.116831612167263d0
0.0011123434725658892d0   0.115521998217829d0
0.001148496475800009d0   0.114222570040007d0
0.0011858245114544934d0   0.11293331255119d0
0.0012243657700270996d0   0.111654222349427d0
0.001264159683269947d0   0.110385276235986d0
0.0013052469645323404d0   0.10912646975614d0
0.001347669650414796d0   0.107877781684341d0
0.0013914711437768964d0   0.106639215536199d0
0.0014366962581429724d0   0.105410747899794d0
0.0014833912635510377d0   0.104192355423047d0
0.0015316039338918962d0   0.102984064812894d0
0.0015813835957868456d0   0.101785820584023d0
0.001632781179053986d0   0.100597626209378d0
0.0016858492688147696d0   0.0994194639404832d0
0.001740642159294098d0   0.098251324159941d0
0.0017972159093690117d0   0.097093193110271d0
0.0018556283999228052d0   0.0959450590699009d0
0.0019159393930632438d0   0.0948069001044527d0
0.0019782105932654725d0   0.0936787080588713d0
0.0020425057105021675d0   0.0925604659378091d0
0.0021088905254255256d0   0.0914521604872256d0
0.002177432956667776d0   0.0903537800070113d0
0.0022482031303290638d0   0.0892652974090688d0
0.0023212734517238163d0   0.0881867117293774d0
0.0023967186794589712d0   0.0871180016937462d0
0.0024746160019198825d0   0.086059150715026d0
0.002555045116242136d0   0.0850101438109192d0
0.0026380883098500807d0   0.0839709633795378d0
0.002723830544645506d0   0.0829415971599486d0
0.002812359543932576d0   0.0819220270951691d0
0.0029037658821679797d0   0.0809122260069119d0
0.002998143077628105d0   0.0799121925924147d0
0.003095587688088045d0   0.0789219061454801d0
0.003196199409610346d0   0.0779413462986381d0
0.0033000811785445267d0   0.0769705015021507d0
0.0034073392768417775d0   0.0760093349675878d0
0.0035180834407925452d0   0.0750578495664921d0
0.0036324269732982764d0   0.0741160148969403d0
0.0037504868597921723d0   0.0731838211905859d0
0.0038723838879275697d0   0.07226124422123d0
0.003998242771156378d0   0.0713482650881483d0
0.004128192276324037d0   0.0704448731603839d0
0.004262365355411504d0   0.0695510303283317d0
0.0044008992815590875d0   0.0686667314174795d0
0.004543935789511278d0   0.0677919663865271d0
0.004691621220626263d0   0.0669266768125124d0
0.00484410667259849d0   0.0660708813715455d0
0.005001548154047467d0   0.0652245422556078d0
0.005164106744130956d0   0.0643876389400936d0
0.0053319487573458505d0   0.0635601524097999d0
0.00550524591368536d0   0.0627420633455815d0
0.005684175514326585d0   0.0619333458701081d0
0.005868920623028233d0   0.0611339776611263d0
0.006059670253424039d0   0.060343939417071d0
0.006256619562403565d0   0.0595632044440546d0
0.006459970049778167d0   0.058791750406709d0
0.006669929764436459d0   0.0580295560530577d0
0.00688671351720014d0   0.0572765962260622d0
0.007110543100598033d0   0.0565328463547772d0
0.007341647515783102d0   0.055798283245751d0
0.007580263206824657d0   0.0550728834776518d0
0.007826634302615465d0   0.054356618681348d0
0.008081012866641216d0   0.0536494654312861d0
0.008343659154867927d0   0.0529513979167343d0
0.008614841882011106d0   0.0522623895466971d0
0.008894838496459098d0   0.0515824137729987d0
0.009183935464131923d0   0.0509114430811025d0
0.009482428561565944d0   0.0502494576617935d0
0.009790623178524326d0   0.049596422688906d0
0.010108834630442804d0   0.0489523117974542d0
0.01043738848103047d0   0.0483170937392147d0
0.010776620875355601d0   0.0476907440035351d0
0.011126878883757345d0   0.0470732362212107d0
0.011488520856935112d0   0.0464645345038768d0
0.011861916792578921d0   0.0458645979917985d0
0.01224744871391589d0   0.0452734390718146d0
0.012645511060560072d0   0.0446909830836805d0
0.013056511092065577d0   0.0441172169465457d0
0.013480869304595841d0   0.0435521091285241d0
0.01391901986113531d0   0.0429956207160927d0
0.014371411035683774d0   0.0424477275594285d0
0.014838505671887665d0   0.0419083969049657d0
0.01532078165657771d0   0.0413775890286011d0
0.015818732408697293d0   0.0408552753018729d0
0.01633286738412183d0   0.0403414342200445d0
0.01686371259688557d0   0.0398359743003921d0
0.01741181115734919d0   0.0393389448644423d0
0.017977723827858647d0   0.0388502618611834d0
0.018562029596463917d0   0.0383698867302233d0
0.019165326269284577d0   0.0378977965625772d0
0.01978823108212813d0   0.0374339520327355d0
0.020431381331987047d0   0.0369783125392233d0
0.02109543502906046d0   0.0365308428254914d0
0.021781071569967666d0   0.0360915030419567d0
0.02248899243284213d0   0.0356602503821641d0
0.02321992189501729d0   0.0352370590450132d0
0.023974607774038204d0   0.0348218755122662d0
0.024753822192757426d0   0.0344146587425838d0
0.0255583623692977d0   0.0340153636788387d0
0.026389051432689752d0   0.033623972969538d0
0.02724673926501967d0   0.0332404203865682d0
0.0281323033709475d0   0.0328646967764827d0
0.029046649775486558d0   0.0324966785291969d0
0.02999071395096208d0   0.0321363989493454d0
0.03096546177409766d0   0.0317837915642474d0
0.03197189051420848d0   0.0314388085755403d0
0.033011029853512334d0   0.0311014020025825d0
0.034083942940602865d0   0.030771525483856d0
0.035191727478161836d0   0.0304491396274023d0
0.03633551684602447d0   0.0301341862183473d0
0.03751648126074566d0   0.0298266212316306d0
0.038735828972854575d0   0.0295263975064965d0
0.039994807503021645d0   0.0292334583125503d0
0.04129470491840296d0   0.028947747719598d0
0.042636851150468544d0   0.0286692510703309d0
0.04402261935566136d0   0.0283978809324896d0
0.04545342732028072d0   0.0281335932536102d0
0.04693073891102642d0   0.0278763394129421d0
0.048456065572688015d0   0.0276260600206469d0
0.05003096787451125d0   0.0273827068303051d0
0.0516570571068245d0   0.0271462228253759d0
0.05333599692955765d0   0.0269165540705911d0
0.05506950507434073d0   0.0266936452790083d0
0.05685935510192392d0   0.0264774399665211d0
0.05870737821671594d0   0.0262678786810315d0
0.060615465140298704d0   0.0260649383010245d0
0.06258556804583364d0   0.0258684657232404d0
0.06461970255533982d0   0.0256784858421769d0
0.06671994980188686d0   0.0254949404495897d0
0.0688884585588122d0   0.0253177448404536d0
0.07112744743814216d0   0.0251468417749796d0
0.07343920716046433d0   0.0249821736623857d0
0.07582610289857558d0   0.0248236850370258d0
0.07829057669730194d0   0.0246713102564957d0
0.0808351499719664d0   0.024524997987697d0
0.08346242608806186d0   0.0243846764572449d0
0.0861750930247669d0   0.0242502917345468d0
0.08897592612503079d0   0.0241217850414759d0
0.09186779093504013d0   0.0239990988879501d0
0.09485364613597425d0   0.0238821534010543d0
0.09793654657104535d0   0.0237709129308931d0
0.10111964637092459d0   0.0236653105092231d0
0.10440620218074848d0   0.0235652909442933d0
0.10779957649200836d0   0.023470793721976d0
0.11130324108273261d0   0.0233817636349502d0
0.11492078056947928d0   0.0232981424181433d0
0.11865589607477556d0   0.0232198812510199d0
0.1225124090137541d0   0.0231469284473272d0
0.12649426500386204d0   0.0230792283926852d0
0.13060553790164173d0   0.0230167344227966d0
0.13485043397071295d0   0.022959407170201d0
0.13923329618522273d0   0.0229071883704058d0
0.14375860867316315d0   0.0228600453189133d0
0.1484310013041053d0   0.0228179460946876d0
0.1532552544260411d0   0.0227808495427073d0
0.15823630375618156d0   0.0227487255040224d0
0.16337924543071325d0   0.0227215497153579d0
0.16868934121868007d0   0.0226993017784446d0
0.1741720239053259d0   0.02268196571839d0
0.17983290285040313d0   0.0226695302186891d0
0.18567776972713723d0   0.0226619913979235d0
0.1917126044477156d0   0.0226593604766631d0
0.19794358128136544d0   0.0226616442077296d0
0.20437707517127945d0   0.0226688616897978d0
0.21101966825685117d0   0.0226810410087098d0
0.21787815660789508d0   0.0226982272307202d0
0.224959557177738d0   0.0227204689645404d0
0.23227111498230024d0   0.0227478016069743d0
0.23982031051250566d0   0.0227803828282017d0
0.24761486738761013d0   0.0228182289355855d0
0.25566276025727436d0   0.022861466288623d0
0.2639722229604662d0   0.0229102187423143d0
0.27255175694954364d0   0.0229646359816382d0
0.2814101399881316d0   0.0230248732967549d0
0.29055643513169616d0   0.0230911186192747d0
0.3d0   0.0231635799253567d0
0.3035d0   0.0231914387006138d0
0.307d0   0.0232198228998254d0
0.3105d0   0.0232487240029744d0
0.314d0   0.0232781310674841d0
0.3175d0   0.0233080413712341d0
0.321d0   0.0233384392946259d0
0.3245d0   0.0233693210592506d0
0.328d0   0.0234006761682793d0
0.3315d0   0.023432505170448d0
0.335d0   0.0234647981980474d0
0.3385d0   0.0234975504317705d0
0.342d0   0.023530756556783d0
0.3455d0   0.0235644107641149d0
0.349d0   0.0235985090216893d0
0.3525d0   0.0236330469723559d0
0.356d0   0.0236680206902808d0
0.3595d0   0.0237034264164466d0
0.363d0   0.0237392608886655d0
0.3665d0   0.0237755206602056d0
0.37d0   0.0238122032042923d0
0.3735d0   0.0238493051739737d0
0.377d0   0.0238868242620762d0
0.3805d0   0.0239247584297215d0
0.384d0   0.0239631054704653d0
0.3875d0   0.0240018632287801d0
0.391d0   0.0240410297136785d0
0.3945d0   0.0240806040897366d0
0.398d0   0.0241205844528966d0
0.4015d0   0.0241609694789387d0
0.405d0   0.0242017577869607d0
0.4085d0   0.0242429487173419d0
0.412d0   0.024284541368286d0
0.4155d0   0.0243265346234242d0
0.419d0   0.0243689279072439d0
0.4225d0   0.0244117205856038d0
0.426d0   0.0244549119828727d0
0.4295d0   0.0244985021335929d0
0.433d0   0.0245424890509227d0
0.4365d0   0.0245868754211952d0
0.44d0   0.0246316596387323d0
0.4435d0   0.02467684171268d0
0.447d0   0.0247224214982833d0
0.4505d0   0.0247683982990429d0
0.454d0   0.0248147738628806d0
0.4575d0   0.0248615476830758d0
0.461d0   0.0249087200416737d0
0.4645d0   0.0249562917958179d0
0.468d0   0.0250042618551589d0
0.4715d0   0.0250526315328609d0
0.475d0   0.0251014014324028d0
0.4785d0   0.0251505718645331d0
0.482d0   0.0252001434060872d0
0.4855d0   0.0252501169568757d0
0.489d0   0.0253004925211729d0
0.4925d0   0.025351271074686d0
0.496d0   0.0254024533829668d0
0.4995d0   0.0254540419772733d0
0.503d0   0.025506036279082d0
0.5065d0   0.0255584342609002d0
0.51d0   0.0256112390489277d0
0.5135d0   0.0256644492053041d0
0.517d0   0.0257180702423496d0
0.5205d0   0.0257721007641375d0
0.524d0   0.0258265416346947d0
0.5275d0   0.0258813938430088d0
0.531d0   0.0259366582890201d0
0.5345d0   0.0259923360405747d0
0.538d0   0.0260484282759119d0
0.5415d0   0.0261049360400288d0
0.545d0   0.026161859615743d0
0.5485d0   0.0262192013734372d0
0.552d0   0.0262769606019014d0
0.5555d0   0.0263351393486211d0
0.559d0   0.0263937385246373d0
0.5625d0   0.0264527594516505d0
0.566d0   0.0265122030565817d0
0.5695d0   0.026572070572058d0
0.573d0   0.026632362860548d0
0.5765d0   0.0266930814431578d0
0.58d0   0.0267542271837276d0
0.5835d0   0.0268158012782575d0
0.587d0   0.0268778048458802d0
0.5905d0   0.0269402391717146d0
0.594d0   0.0270031052372297d0
0.5975d0   0.0270661519162502d0
0.601d0   0.0271301375675906d0
0.6045d0   0.027194306193788d0
0.608d0   0.0272589112876364d0
0.6115d0   0.0273239540885124d0
0.615d0   0.027389435679349d0
0.6185d0   0.0274553566858d0
0.622d0   0.0275217196354486d0
0.6255d0   0.0275885250018576d0
0.629d0   0.0276557737579974d0
0.6325d0   0.0277234676264004d0
0.636d0   0.0277916074555509d0
0.6395d0   0.0278601944895124d0
0.643d0   0.0279292300517653d0
0.6465d0   0.0279987150703671d0
0.65d0   0.0280686508375408d0
0.6535d0   0.0281390385956274d0
0.657d0   0.0282098794526296d0
0.6605d0   0.0282811747664735d0
0.664d0   0.0283529255714966d0
0.6675d0   0.0284251331033236d0
0.671d0   0.0284977985582213d0
0.6745d0   0.0285709230985035d0
0.678d0   0.0286445079306826d0
0.6815d0   0.0287185542469821d0
0.685d0   0.0287930628612618d0
0.6885d0   0.0288680356419369d0
0.692d0   0.0289434734263594d0
0.6955d0   0.0290193774144934d0
0.699d0   0.0290957487350354d0
0.7025d0   0.0291725885785062d0
0.706d0   0.0292498980862371d0
0.7095d0   0.0293276784553048d0
0.713d0   0.0294059309336166d0
0.7165d0   0.0294846583394786d0
0.72d0   0.0295643744883317d0
0.7235d0   0.0296435331890739d0
0.727d0   0.0297236850956595d0
0.7305d0   0.029804315080656d0
0.734d0   0.0298854021240479d0
0.7375d0   0.0299670122791353d0
0.741d0   0.0300490820536301d0
0.7445d0   0.0301316341034972d0
0.748d0   0.0302152971727979d0
0.7515d0   0.0302981896368264d0
0.755d0   0.0303821944434227d0
0.7585d0   0.0304666868817495d0
0.762d0   0.0305516671829225d0
0.7655d0   0.030637136476723d0
0.769d0   0.0307230958196286d0
0.7725d0   0.0308095463749865d0
0.776d0   0.030896489205585d0
0.7795d0   0.0309839296894391d0
0.783d0   0.0310718603615684d0
0.7865d0   0.0311602822156094d0
0.79d0   0.0312492050173367d0
0.7935d0   0.0313386255096697d0
0.797d0   0.0314285448119749d0
0.8005d0   0.031518963885007d0
0.804d0   0.0316098838414163d0
0.8075d0   0.0317013057398521d0
0.811d0   0.0317932306319875d0
0.8145d0   0.0318856581325186d0
0.818d0   0.0319785921423447d0
0.8215d0   0.032072032292847d0
0.825d0   0.0321659789999794d0
0.8285d0   0.0322604365617142d0
0.832d0   0.0323554012851769d0
0.8355d0   0.0324508762718852d0
0.839d0   0.0325468623440255d0
0.8425d0   0.0326433624443194d0
0.846d0   0.0327403742339709d0
0.8495d0   0.0328378987267192d0
0.853d0   0.0329359401594663d0
0.8565d0   0.0330344978100013d0
0.86d0   0.0331335727948752d0
0.8635d0   0.0332331660665517d0
0.867d0   0.0333332786013079d0
0.8705d0   0.0334339123368162d0
0.874d0   0.0335350648020956d0
0.8775d0   0.033636740947622d0
0.881d0   0.0337389418409399d0
0.8845d0   0.0338416653061879d0
0.888d0   0.0339449138665032d0
0.8915d0   0.0340486884288619d0
0.895d0   0.0341529900172666d0
0.8985d0   0.0342578195438116d0
0.902d0   0.0343631779765915d0
0.9055d0   0.0344690652890298d0
0.909d0   0.0345754843088016d0
0.9125d0   0.0346824350151037d0
0.916d0   0.034789918189666d0
0.9195d0   0.0348978671752391d0
0.923d0   0.035006486374508d0
0.9265d0   0.0351155730811875d0
0.93d0   0.0352251960726216d0
0.9335d0   0.0353353562539786d0
0.937d0   0.035446054549734d0
0.9405d0   0.0355572919080397d0
0.944d0   0.0356690690737362d0
0.9475d0   0.0357813870370505d0
0.951d0   0.0358942466761927d0
0.9545d0   0.0360076485946566d0
0.958d0   0.0361215943168607d0
0.9615d0   0.036236084254822d0
0.965d0   0.0363511193835309d0
0.9685d0   0.0364667005833985d0
0.972d0   0.0365828285440682d0
0.9755d0   0.0366995044395997d0
0.979d0   0.0368167289504886d0
0.9825d0   0.0369345028898172d0
0.986d0   0.0370528276595706d0
0.9895d0   0.0371717167347527d0
0.993d0   0.0372911443130377d0
0.9965d0   0.0374111247448735d0
1d0   0.037531645385328672846d0