0.0005d0   204342.759216724d0
0.000516250827251552d0   191538.039976253d0
0.0005330298332758236d0   179532.929329591d0
0.0005503541847568015d0   168277.621303136d0
0.0005682416063241046d0   157725.401620307d0
0.0005867103986871396d0   147832.473055608d0
0.0006057794573586473d0   138557.72901876d0
0.000625468291986796d0   129862.668818783d0
0.0006457970463155974d0   121711.14211686d0
0.000666786518794072d0   114069.290556094d0
0.0006884581838552445d0   106905.324299901d0
0.0007108342138867422d0   100189.449241548d0
0.0007339375019154746d0   93893.729589303d0
0.0007577916850296027d0   87991.9420542043d0
0.0007824211685617599d0   82459.5186172167d0
0.000807851151058269d0   77273.4197548821d0
0.0008341076500598998d0   72412.0317817141d0
0.0008612175287205427d0   67855.0945278431d0
0.0008892085232910348d0   63583.6024113741d0
0.0009181092714962553d0   59579.7354907901d0
0.0009479493418345232d0   55826.7865123056d0
0.0009787592638292738d0   52309.0829626161d0
0.0010105705592639653d0   49011.9345727371d0
0.0010434157744321712d0   45921.5616831507d0
0.0010773285134358546d0   43025.0463553115d0
0.0011123434725658892d0   40310.2755011596d0
0.001148496475800009d0   37765.8841538238d0
0.0011858245114544934d0   35381.2310759632d0
0.0012243657700270996d0   33146.3197434629d0
0.001264159683269947d0   31051.7886526291d0
0.0013052469645323404d0   29088.8570980496d0
0.001347669650414796d0   27249.2913815865d0
0.0013914711437768964d0   25525.3735538278d0
0.0014366962581429724d0   23909.8612058073d0
0.0014833912635510377d0   22395.9719285549d0
0.0015316039338918962d0   20977.3401709298d0
0.0015813835957868456d0   19648.0023210939d0
0.001632781179053986d0   18402.3628678275d0
0.0016858492688147696d0   17235.1776696394d0
0.001740642159294098d0   16141.5305971815d0
0.0017972159093690117d0   15116.8111848023d0
0.0018556283999228052d0   14156.6995290402d0
0.0019159393930632438d0   13257.1354610383d0
0.0019782105932654725d0   12414.3291905036d0
0.0020425057105021675d0   11624.7157711835d0
0.0021088905254255256d0   10884.9568905047d0
0.002177432956667776d0   10191.9224361056d0
0.0022482031303290638d0   9542.67768713509d0
0.0023212734517238163d0   8934.47121831317d0
0.0023967186794589712d0   8364.72531744594d0
0.0024746160019198825d0   7831.02208869094d0
0.002555045116242136d0   7331.0952936394d0
0.0026380883098500807d0   6862.82016824147d0
0.002723830544645506d0   6424.20661564302d0
0.002812359543932576d0   6013.38646933217d0
0.0029037658821679797d0   5628.61094247453d0
0.002998143077628105d0   5268.23965357329d0
0.003095587688088045d0   4930.73505311364d0
0.003196199409610346d0   4614.65641581588d0
0.0033000811785445267d0   4318.65305889991d0
0.0034073392768417775d0   4041.45893392277d0
0.0035180834407925452d0   3781.88741665336d0
0.0036324269732982764d0   3538.82662194663d0
0.0037504868597921723d0   3311.23385920457d0
0.0038723838879275697d0   3098.13266573346d0
0.003998242771156378d0   2898.60722583399d0
0.004128192276324037d0   2711.79959341265d0
0.004262365355411504d0   2536.90563485472d0
0.0044008992815590875d0   2373.17175954154d0
0.004543935789511278d0   2219.89170057968d0
0.004691621220626263d0   2076.40367268956d0
0.00484410667259849d0   1942.08749462603d0
0.005001548154047467d0   1816.36202273411d0
0.005164106744130956d0   1698.6826081773d0
0.0053319487573458505d0   1588.5390429105d0
0.00550524591368536d0   1485.45314882907d0
0.005684175514326585d0   1388.9768893267d0
0.005868920623028233d0   1298.69063463117d0
0.006059670253424039d0   1214.1934103496d0
0.006256619562403565d0   1135.13879948036d0
0.006459970049778167d0   1061.1598923909d0
0.006669929764436459d0   991.94005422185d0
0.00688671351720014d0   927.176557187846d0
0.007110543100598033d0   866.585463374949d0
0.007341647515783102d0   809.900817772211d0
0.007580263206824657d0   756.873375714784d0
0.007826634302615465d0   707.269865644383d0
0.008081012866641216d0   660.871619517875d0
0.008343659154867927d0   617.473865687952d0
0.008614841882011106d0   576.884792205649d0
0.008894838496459098d0   538.924746380994d0
0.009183935464131923d0   503.425449762611d0
0.009482428561565944d0   470.229308148311d0
0.009790623178524326d0   439.188707169048d0
0.010108834630442804d0   410.165429589191d0
0.01043738848103047d0   383.030019865142d0
0.010776620875355601d0   357.661228013342d0
0.011126878883757345d0   333.945577475894d0
0.011488520856935112d0   311.776724742303d0
0.011861916792578921d0   291.055148643212d0
0.01224744871391589d0   271.687651640112d0
0.012645511060560072d0   253.586959266801d0
0.013056511092065577d0   236.671385300499d0
0.013480869304595841d0   220.864435433352d0
0.01391901986113531d0   206.094509429984d0
0.014371411035683774d0   192.294550369322d0
0.014838505671887665d0   179.401826080859d0
0.01532078165657771d0   167.35758438552d0
0.015818732408697293d0   156.106847332496d0
0.01633286738412183d0   145.598144913805d0
0.01686371259688557d0   135.783313652135d0
0.01741181115734919d0   126.617268307489d0
0.017977723827858647d0   118.057822915045d0
0.018562029596463917d0   110.065496649535d0
0.019165326269284577d0   102.603341356035d0
0.01978823108212813d0   95.6367834907771d0
0.020431381331987047d0   89.1334785188795d0
0.02109543502906046d0   83.063159072908d0
0.021781071569967666d0   77.3975080628931d0
0.02248899243284213d0   72.1100336673397d0
0.02321992189501729d0   67.1759546783633d0
0.023974607774038204d0   62.572086003554d0
0.024753822192757426d0   58.2767465272875d0
0.0255583623692977d0   54.269653337926d0
0.026389051432689752d0   50.5318315299727d0
0.02724673926501967d0   47.0455450795992d0
0.0281323033709475d0   43.794199767739d0
0.029046649775486558d0   40.7622807753357d0
0.02999071395096208d0   37.935289657157d0
0.03096546177409766d0   35.2996529805018d0
0.03197189051420848d0   32.8426907818975d0
0.033011029853512334d0   30.5525478712277d0
0.034083942940602865d0   28.415994425342d0
0.035191727478161836d0   26.4291122365408d0
0.03633551684602447d0   24.5757768278286d0
0.03751648126074566d0   22.8490826186469d0
0.038735828972854575d0   21.2405791155491d0
0.039994807503021645d0   19.742355575308d0
0.04129470491840296d0   18.3470279518208d0
0.042636851150468544d0   17.0476964214809d0
0.04402261935566136d0   15.8379136775633d0
0.04545342732028072d0   14.7116572958392d0
0.04693073891102642d0   13.6633013952558d0
0.048456065572688015d0   12.6875959190824d0
0.05003096787451125d0   11.7796161706449d0
0.0516570571068245d0   10.934795818673d0
0.05333599692955765d0   10.1488487308396d0
0.05506950507434073d0   9.41777823955633d0
0.05685935510192392d0   8.73785299608471d0
0.05870737821671594d0   8.10558949985687d0
0.060615465140298704d0   7.51773621526227d0
0.06258556804583364d0   6.97125803894634d0
0.06461970255533982d0   6.46332179307097d0
0.06671994980188686d0   5.99128509870478d0
0.0688884585588122d0   5.55268047740242d0
0.07112744743814216d0   5.14520680414706d0
0.07343920716046433d0   4.76671623920825d0
0.07582610289857558d0   4.41520880825769d0
0.07829057669730194d0   4.08881400550317d0
0.0808351499719664d0   3.78579021602481d0
0.08346242608806186d0   3.50451340934304d0
0.0861750930247669d0   3.2434688056878d0
0.08897592612503079d0   3.00124434847831d0
0.09186779093504013d0   2.77652386986851d0
0.09485364613597425d0   2.56808030062651d0
0.09793654657104535d0   2.37477057348797d0
0.10111964637092459d0   2.1955292380586d0
0.10440620218074848d0   2.0293637615906d0
0.10779957649200836d0   1.87534939566938d0
0.11130324108273261d0   1.73262489024825d0
0.11492078056947928d0   1.60038901853297d0
0.11865589607477556d0   1.47789388815974d0
0.1225124090137541d0   1.36444464183489d0
0.12649426500386204d0   1.2593939923609d0
0.13060553790164173d0   1.16213956005814d0
0.13485043397071295d0   1.07212067717691d0
0.13923329618522273d0   0.988816003902879d0
0.14375860867316315d0   0.911740217784766d0
0.1484310013041053d0   0.840442112081874d0
0.1532552544260411d0   0.774501904525623d0
0.15823630375618156d0   0.713529546747771d0
0.16337924543071325d0   0.65716231484205d0
0.16868934121868007d0   0.60506314657994d0
0.1741720239053259d0   0.556918856355046d0
0.17983290285040313d0   0.512438429492785d0
0.18567776972713723d0   0.471351703210857d0
0.1917126044477156d0   0.433407633090368d0
0.19794358128136544d0   0.398373222779852d0
0.20437707517127945d0   0.366032328794398d0
0.21101966825685117d0   0.336184160813004d0
0.21787815660789508d0   0.308642646453826d0
0.224959557177738d0   0.283235077811755d0
0.23227111498230024d0   0.259801365472618d0
0.23982031051250566d0   0.238193103728795d0
0.24761486738761013d0   0.21827278498524d0
0.25566276025727436d0   0.199912962398694d0
0.2639722229604662d0   0.182995632691468d0
0.27255175694954364d0   0.167411496042256d0
0.2814101399881316d0   0.153059425374335d0
0.29055643513169616d0   0.139845805741287d0
0.3d0   0.127684024870411d0
0.3035d0   0.123517706077469d0
0.307d0   0.119521169446936d0
0.3105d0   0.115685848800845d0
0.314d0   0.112003693204835d0
0.3175d0   0.108467102651798d0
0.321d0   0.105069077275562d0
0.3245d0   0.101802803741335d0
0.328d0   0.0986620151308218d0
0.3315d0   0.0956407667683088d0
0.335d0   0.0927334511789786d0
0.3385d0   0.0899347817423797d0
0.342d0   0.0872397287573314d0
0.3455d0   0.0846436737980125d0
0.349d0   0.082142059589312d0
0.3525d0   0.0797306999295203d0
0.356d0   0.0774055979231071d0
0.3595d0   0.0751629952318034d0
0.363d0   0.0729992911551904d0
0.3665d0   0.0709111020104911d0
0.37d0   0.0688952062468799d0
0.3735d0   0.0669485552099976d0
0.377d0   0.0650682478701837d0
0.3805d0   0.0632515385176415d0
0.384d0   0.0614958098403535d0
0.3875d0   0.0597985793120942d0
0.391d0   0.0581574778198451d0
0.3945d0   0.0565702631442429d0
0.398d0   0.0550347935399322d0
0.4015d0   0.0535490290408422d0
0.405d0   0.0521110292179425d0
0.4085d0   0.0507189440968352d0
0.412d0   0.0493710086213503d0
0.4155d0   0.048065540359508d0
0.419d0   0.0468009280027828d0
0.4225d0   0.0455756548018017d0
0.426d0   0.0443882401401946d0
0.4295d0   0.0432372887566347d0
0.433d0   0.04212146737924d0
0.4365d0   0.0410394964248374d0
0.44d0   0.0399901527554173d0
0.4435d0   0.0389722672871804d0
0.447d0   0.0379847197560989d0
0.4505d0   0.0370264396351983d0
0.454d0   0.0360963982695721d0
0.4575d0   0.0351936125915569d0
0.461d0   0.034317137152804d0
0.4645d0   0.0334660731968222d0
0.468d0   0.0326395530128476d0
0.4715d0   0.031836742588568d0
0.475d0   0.0310568383581811d0
0.4785d0   0.0302990815541874d0
0.482d0   0.0295627322071627d0
0.4855d0   0.0288470853147128d0
0.489d0   0.0281514595954024d0
0.4925d0   0.0274752012842228d0
0.496d0   0.0268176857050315d0
0.4995d0   0.0261783047267342d0
0.503d0   0.0255564780977947d0
0.5065d0   0.0249516488183604d0
0.51d0   0.0243632765064453d0
0.5135d0   0.0237908434122998d0
0.517d0   0.0232338485031034d0
0.5205d0   0.0226918128118982d0
0.524d0   0.0221642714327719d0
0.5275d0   0.0216507776424575d0
0.531d0   0.021150900642984d0
0.5345d0   0.0206642243643601d0
0.538d0   0.0201903482769458d0
0.5415d0   0.0197288852802411d0
0.545d0   0.0192794619881593d0
0.5485d0   0.0188417179075666d0
0.552d0   0.0184153028358167d0
0.5555d0   0.0179998827843636d0
0.559d0   0.017595131817656d0
0.5625d0   0.0172007357632052d0
0.566d0   0.016816390991598d0
0.5695d0   0.0164418039114878d0
0.573d0   0.0160766902970647d0
0.5765d0   0.0157207758246705d0
0.58d0   0.0153737948636463d0
0.5835d0   0.015035488584043d0
0.587d0   0.0147056107967056d0
0.5905d0   0.0143839185510675d0
0.594d0   0.0140701783523964d0
0.5975d0   0.0137641643246309d0
0.601d0   0.0134656574040585d0
0.6045d0   0.0131744448600643d0
0.608d0   0.012890321522287d0
0.6115d0   0.0126130871951636d0
0.615d0   0.0123425487793075d0
0.6185d0   0.0120785180265484d0
0.622d0   0.0118208129556362d0
0.6255d0   0.0115692575182565d0
0.629d0   0.011323679798073d0
0.6325d0   0.0110839133220083d0
0.636d0   0.0108497963429136d0
0.6395d0   0.0106211722137131d0
0.643d0   0.0103978882622363d0
0.6465d0   0.0101797965311327d0
0.65d0   0.00996675312496897d0
0.6535d0   0.00975861820765325d0
0.657d0   0.0095552555856848d0
0.6605d0   0.00935653264497024d0
0.664d0   0.00916232236406706d0
0.6675d0   0.00897249881141426d0
0.671d0   0.00878694055432455d0
0.6745d0   0.00860552980270304d0
0.678d0   0.00842815025192079d0
0.6815d0   0.00825469051863018d0
0.685d0   0.00808504144937956d0
0.6885d0   0.00791909690476347d0
0.692d0   0.00775675342807776d0
0.6955d0   0.00759791042183472d0
0.699d0   0.00744246965594565d0
0.7025d0   0.00729033541288111d0
0.706d0   0.00714141473552069d0
0.7095d0   0.00699561679874795d0
0.713d0   0.00685285302865051d0
0.7165d0   0.0067130370945346d0
0.72d0   0.0065760848005605d0
0.7235d0   0.00644191429654509d0
0.727d0   0.00631044531997978d0
0.7305d0   0.00618160113078173d0
0.734d0   0.0060553017199812d0
0.7375d0   0.00593147642207534d0
0.741d0   0.00581005140598261d0
0.7445d0   0.00569095575442454d0
0.748d0   0.00557412040997994d0
0.7515d0   0.00545947765788368d0
0.755d0   0.00534696156724899d0
0.7585d0   0.00523650764237932d0
0.762d0   0.00512805294293024d0
0.7655d0   0.00502153583828071d0
0.769d0   0.00491689622534571d0
0.7725d0   0.00481407525713269d0
0.776d0   0.00471301555954614d0
0.7795d0   0.0046136609294d0
0.783d0   0.0045159563535313d0
0.7865d0   0.00441984814457245d0
0.79d0   0.00432528376599049d0
0.7935d0   0.00423221175255627d0
0.797d0   0.00414058189512549d0
0.8005d0   0.00405034484506002d0
0.804d0   0.00396145250219203d0
0.8075d0   0.00387385771636646d0
0.811d0   0.00378751431046672d0
0.8145d0   0.00370237710184563d0
0.818d0   0.00361840184097015d0
0.8215d0   0.00353554521078784d0
0.825d0   0.00345376470070559d0
0.8285d0   0.00337301879097068d0
0.832d0   0.00329326674863142d0
0.8355d0   0.00321446853629936d0
0.839d0   0.00313658513391708d0
0.8425d0   0.00305957848306026d0
0.846d0   0.00298341057079339d0
0.8495d0   0.00290804474971686d0
0.853d0   0.00283344487523425d0
0.8565d0   0.00275957553704977d0
0.86d0   0.00268640201203022d0
0.8635d0   0.00261389024825274d0
0.867d0   0.00254200681905032d0
0.8705d0   0.00247071879399201d0
0.874d0   0.00239999445212171d0
0.8775d0   0.0023298017977603d0
0.881d0   0.00226010999500098d0
0.8845d0   0.00219088864898567d0
0.888d0   0.00212210791995545d0
0.8915d0   0.00205373849154454d0
0.895d0   0.00198575162581282d0
0.8985d0   0.00191811906015936d0
0.902d0   0.0018508130635597d0
0.9055d0   0.00178380639170218d0
0.909d0   0.0017170722771913d0
0.9125d0   0.00165058443814878d0
0.916d0   0.0015843170390892d0
0.9195d0   0.00151824468570864d0
0.923d0   0.00145234248539811d0
0.9265d0   0.00138658588516987d0
0.93d0   0.00132095080985115d0
0.9335d0   0.00125541354836378d0
0.937d0   0.00118995086474982d0
0.9405d0   0.00112453981518101d0
0.944d0   0.00105915791847704d0
0.9475d0   0.000993783035071246d0
0.951d0   0.000928393398617118d0
0.9545d0   0.000862967588329357d0
0.958d0   0.00079748454140487d0
0.9615d0   0.000731923530523306d0
0.965d0   0.000666264166954514d0
0.9685d0   0.000600486388220202d0
0.972d0   0.000534570450151004d0
0.9755d0   0.000468496920311905d0
0.979d0   0.000402246672977422d0
0.9825d0   0.000335800881958754d0
0.986d0   0.000269141014068424d0
0.9895d0   0.000202248820764805d0
0.993d0   0.000135106337879114d0
0.9965d0   0.0000676958715428333d0
1d0   0d0